-191 -3361 1505 12 1015 1054 1080 1081 1082 1083 1084 1109 1124 1125 1127 1140 
-191 -3360 1505 11 1015 1054 1081 1082 1083 1084 1109 1124 1127 1140 1141 
-167 -3368 1507 11 280 281 282 372 373 374 375 376 378 379 380 
-167 -3367 1507 13 280 281 282 372 373 374 375 376 378 379 380 499 505 
-166 -3367 1507 11 269 270 272 274 275 276 277 370 371 497 498 
-167 -3366 1507 20 277 279 280 281 282 372 373 374 375 376 377 378 379 380 499 500 501 502 505 506 
-167 -3365 1507 25 277 279 280 281 282 372 373 374 375 376 377 378 379 380 499 500 501 502 503 505 506 507 508 510 1159 
-167 -3364 1507 12 280 281 374 380 490 502 505 506 507 508 633 1159 
-187 -3364 1516 11 832 833 834 835 841 842 843 844 913 929 930 
-189 -3363 1516 11 997 998 999 1020 1021 1063 1064 1065 1066 1067 1069 
-188 -3363 1516 12 914 915 916 917 931 993 995 995 996 996 1000 1001 
-187 -3363 1516 12 833 834 835 842 843 844 913 930 931 932 992 994 
-187 -3362 1516 17 833 842 843 913 914 915 917 931 932 992 993 994 995 996 1000 1026 1026 
-174 -3368 1521 12 159 162 163 164 251 252 253 254 255 256 259 1154 
-177 -3367 1521 13 353 356 472 473 474 475 477 611 612 613 622 623 626 
-174 -3367 1521 15 159 160 163 164 250 251 252 253 254 258 259 260 261 263 264 
-177 -3366 1521 12 353 356 473 476 477 611 613 614 617 623 693 694 
-176 -3366 1521 20 350 354 357 472 474 474 475 475 478 479 480 482 482 483 484 485 612 622 625 626 
-174 -3366 1521 17 158 159 160 164 246 249 250 251 252 253 254 258 260 261 263 264 1151 
-177 -3365 1521 15 353 473 476 477 607 608 614 615 616 617 619 620 621 693 694 
-176 -3365 1521 30 247 350 354 356 357 357 472 472 478 479 479 480 480 483 483 484 484 485 485 611 612 612 613 622 622 623 624 625 625 626 
-175 -3365 1521 14 160 162 248 351 352 358 359 361 362 475 481 481 482 626 
-176 -3364 1521 14 350 354 356 473 476 477 478 561 564 611 623 624 693 694 
-187 -3365 1527 12 197 199 299 300 396 397 649 788 788 790 791 792 
-187 -3364 1527 15 197 199 300 396 397 522 522 649 650 788 790 791 792 863 863 
-181 -3364 1529 11 86 87 124 184 287 289 389 514 516 517 639 
