# Accumulation extracted from the extractAccOrigins tools of CDVAM.
# Format X Y Z AccVal ConfScore FaceId1 FaceId2 ....
-20 -8 -23 4 2 190 2499 
9 11 -17 2 1 781 
13 -16 -16 3 2 2278 2479 
15 -16 -16 3 3 741 802 944 
-15 -15 -16 4 3 721 964 2257 
11 -15 -16 2 1 738 
-3 -14 -16 4 1 2507 
-11 -13 -16 4 2 2196 2261 
-9 -13 -16 3 1 270 
1 -13 -16 4 2 749 2285 
9 -9 -16 4 2 799 947 
16 -9 -16 2 1 800 
-15 -5 -16 3 1 1854 
-11 -5 -16 4 1 2270 
-12 -4 -16 3 1 1420 
-15 0 -16 3 1 1557 
-15 11 -16 4 3 704 1917 2240 
11 11 -16 5 2 379 2321 
-14 13 -16 6 6 699 1024 1533 2236 2561 3069 
-13 13 -16 4 1 2235 
-15 15 -16 4 3 701 1025 2237 
-11 15 -16 3 2 1028 1430 
-13 16 -16 3 2 1536 1814 
-14 -16 -15 3 1 720 
-7 -16 -15 3 1 712 
9 -16 -15 4 3 739 2339 2482 
-15 -15 -15 3 1 660 
-5 -15 -15 4 1 711 
1 -15 -15 4 2 937 2473 
7 -15 -15 4 1 2286 
15 -15 -15 3 2 742 2480 
-15 -13 -15 4 3 291 722 1827 
-15 -11 -15 5 1 2254 
-13 -11 -15 5 2 30 717 
-11 -11 -15 5 2 1423 1727 
-9 -11 -15 7 4 1443 2498 2958 2979 
-8 -11 -15 5 2 972 2112 
-5 -11 -15 6 1 2244 
3 -11 -15 6 1 654 
16 -11 -15 3 1 2335 
16 -10 -15 2 1 2952 
-16 -9 -15 3 2 719 1566 
-5 -8 -15 4 1 558 
-16 -7 -15 4 2 579 730 
-9 -7 -15 4 1 2268 
-3 -7 -15 6 2 2098 2505 
5 -7 -15 7 3 811 2336 2347 
11 -7 -15 5 1 946 
1 -5 -15 5 1 2192 
5 -5 -15 6 2 812 2348 
-9 -3 -15 6 1 2955 
-5 -3 -15 8 6 319 974 1015 1855 2510 2551 
5 -3 -15 8 4 808 934 2344 2470 
7 -3 -15 7 1 935 
-9 -1 -15 7 5 38 575 970 973 1027 
5 -1 -15 8 2 809 2345 
9 -1 -15 7 1 945 
-14 0 -15 4 1 1470 
-15 1 -15 3 1 1227 
5 1 -15 8 2 775 2311 
1 3 -15 8 1 1920 
3 3 -15 8 2 784 2474 
5 3 -15 8 4 776 1055 2312 2591 
9 3 -15 7 2 1043 2579 
-3 5 -15 9 5 1019 1254 1638 2555 2790 
1 5 -15 9 2 1052 2588 
3 5 -15 9 4 772 1051 2308 2587 
7 5 -15 7 2 1054 2590 
9 5 -15 6 2 1195 2731 
-7 7 -15 6 2 1016 2552 
-1 7 -15 9 7 93 773 782 1018 1629 2309 2554 
11 7 -15 7 2 1042 2578 
14 8 -15 5 1 2801 
-11 9 -15 4 1 170 
-3 9 -15 7 1 390 
3 9 -15 7 1 250 
5 9 -15 6 2 1219 2755 
-14 12 -15 4 1 2564 
13 13 -15 6 3 1046 2317 2582 
15 13 -15 3 1 1530 
-15 14 -15 3 1 278 
-16 15 -15 2 1 0 
-9 15 -15 4 1 2563 
-14 16 -15 3 1 2560 
11 -15 -14 4 2 743 942 
-15 -14 -14 4 2 965 2501 
-3 -14 -14 4 1 188 
15 -14 -14 3 1 943 
13 -13 -14 4 1 2279 
14 -13 -14 5 3 264 265 2274 
-8 -5 -14 7 3 2096 2509 2763 
-8 -4 -14 7 1 581 
-16 -3 -14 4 1 2263 
-16 -2 -14 4 1 21 
-16 -1 -14 5 1 1472 
-10 -1 -14 6 4 191 961 2116 2957 
-13 0 -14 3 1 1805 
-9 -16 -13 3 1 657 
9 -16 -13 4 1 2481 
11 -16 -13 4 3 196 1732 1801 
1 -15 -13 5 1 262 
9 -15 -13 4 1 2275 
15 -15 -13 5 5 197 801 1733 2277 2337 
-15 -13 -13 4 1 662 
-11 -13 -13 4 1 1828 
-7 -13 -13 5 1 709 
-5 -13 -13 6 2 274 708 
3 -13 -13 5 1 2500 
13 -13 -13 4 1 2478 
16 -13 -13 2 1 244 
3 -12 -13 5 1 2198 
-13 -11 -13 4 1 2980 
-11 -10 -13 6 1 2190 
7 -9 -13 5 1 1781 
-10 -8 -13 5 1 293 
-7 -8 -13 4 3 559 710 2095 
-5 -8 -13 5 2 275 2113 
-16 -7 -13 3 1 2255 
3 -7 -13 8 4 656 810 1444 2346 
7 -7 -13 6 2 200 1736 
-15 -6 -13 3 1 268 
-10 -6 -13 5 1 2269 
-15 -5 -13 5 1 2267 
5 -5 -13 6 2 241 1777 
-16 -3 -13 4 2 1471 3007 
5 -3 -13 9 5 807 933 938 2343 2469 
-17 -1 -13 3 1 728 
1 -1 -13 8 1 969 
5 -1 -13 9 2 242 1778 
9 -1 -13 7 1 2471 
-11 1 -13 4 1 697 
-9 1 -13 5 1 2497 
1 1 -13 9 3 2472 2508 2764 
5 1 -13 9 4 160 774 1696 2310 
7 1 -13 7 3 1053 2584 2589 
-9 3 -13 8 4 573 960 1574 2496 
-7 3 -13 8 3 173 962 1726 
-5 3 -13 10 10 102 187 283 1014 1229 1723 1819 2197 2550 2765 
-3 3 -13 9 2 172 1708 
-1 3 -13 10 3 680 1017 2553 
1 3 -13 9 2 161 1697 
3 3 -13 10 6 199 253 1050 1735 1789 2586 
9 3 -13 7 2 164 1700 
-15 5 -13 5 1 2857 
-3 5 -13 8 2 1255 2791 
3 5 -13 8 2 771 2307 
-7 7 -13 7 1 384 
-3 7 -13 8 2 1256 2792 
3 7 -13 8 2 254 1790 
13 7 -13 5 1 2581 
-5 9 -13 6 2 391 1927 
11 9 -13 7 6 396 783 1041 2319 2324 2577 
14 10 -13 4 1 2320 
14 11 -13 5 2 400 1786 
-15 13 -13 4 1 3070 
-12 13 -13 3 1 169 
-7 13 -13 5 1 2861 
-5 13 -13 6 2 1030 2562 
13 13 -13 5 1 780 
16 13 -13 3 1 1914 
-1 15 -13 6 1 392 
13 15 -13 6 4 163 1532 1699 2318 
-13 16 -13 5 4 1023 1535 2559 3071 
-3 -15 -12 5 3 273 1809 2215 
-17 -13 -12 3 1 967 
3 -9 -12 4 1 714 
-15 -8 -12 4 2 576 1829 
-15 3 -12 5 1 2264 
-15 12 -12 5 3 1534 1813 1918 
-14 12 -12 4 2 1322 1705 
15 12 -12 5 1 3066 
15 14 -12 7 6 1 1048 1402 1403 2316 2580 
13 15 -12 4 2 785 1049 
-13 -16 -11 5 3 661 963 2193 
15 -16 -11 4 3 805 1349 2885 
-14 -14 -11 4 1 292 
-7 -14 -11 6 5 713 725 2245 2512 3008 
-3 -14 -11 5 1 1426 
3 -12 -11 5 2 798 2334 
9 -12 -11 5 1 740 
15 -11 -11 4 2 2483 2932 
-9 -10 -11 4 1 2960 
-7 -9 -11 4 1 318 
11 -9 -11 6 2 1397 2933 
-10 -8 -11 4 1 577 
-2 -7 -11 6 1 2251 
1 -7 -11 7 1 245 
11 -7 -11 7 2 814 2350 
-10 -6 -11 5 2 726 733 
-3 -6 -11 6 2 325 2094 
-1 -5 -11 6 1 2201 
11 -5 -11 8 2 815 2351 
-16 -3 -11 5 2 727 2109 
5 -3 -11 8 2 1351 2887 
7 -3 -11 9 5 1057 1352 1780 2593 2888 
9 -3 -11 8 2 949 2485 
11 -3 -11 10 8 950 1315 1348 1393 2486 2851 2884 2929 
-15 -1 -11 5 2 693 2110 
-3 -1 -11 11 8 1022 1228 1339 1394 2558 2760 2875 2930 
-1 -1 -11 10 2 1340 2876 
1 1 -11 9 3 778 2216 2314 
11 1 -11 8 2 1197 2733 
-5 3 -11 8 4 977 1324 2513 2860 
-3 3 -11 10 2 103 1639 
-1 3 -11 10 2 1021 2557 
1 3 -11 10 4 940 1313 2476 2849 
3 3 -11 10 6 779 941 1312 2315 2477 2848 
5 3 -11 8 2 1058 2594 
9 3 -11 8 2 1316 2852 
-15 5 -11 6 1 1325 
-3 5 -11 8 2 1221 2757 
3 5 -11 8 2 1405 2941 
-15 7 -11 7 2 1706 2858 
-11 7 -11 5 1 381 
-3 7 -11 8 2 104 1640 
3 7 -11 8 2 1406 2942 
11 8 -11 6 1 1045 
-3 9 -11 8 2 387 1923 
-1 9 -11 8 2 570 2106 
3 9 -11 8 2 787 2323 
7 9 -11 6 2 1218 2754 
-3 11 -11 6 1 382 
3 11 -11 6 1 788 
13 12 -11 5 1 2585 
15 13 -11 5 2 1932 2938 
-11 15 -11 3 1 2567 
-15 16 -11 3 1 1919 
-13 16 -11 4 2 383 1321 
14 16 -11 2 1 2939 
-15 -1 -10 5 1 2111 
-11 -16 -9 4 1 1341 
-14 -15 -9 5 1 2259 
-13 -15 -9 4 1 1725 
-5 -15 -9 7 1 1810 
-3 -15 -9 9 5 658 659 716 2194 2252 
-1 -15 -9 9 3 804 2283 2340 
15 -15 -9 4 1 62 
-15 -13 -9 4 1 2195 
-7 -13 -9 4 1 715 
15 -13 -9 4 1 1779 
-11 -12 -9 9 9 64 189 556 953 1342 1600 2488 2504 2878 
-15 -11 -9 5 2 655 2191 
-1 -11 -9 6 2 2115 2117 
5 -11 -9 7 3 803 2338 2931 
16 -11 -9 4 2 1395 1575 
-3 -9 -9 5 1 2761 
5 -9 -9 8 7 46 1350 1415 1582 2284 2886 2951 
7 -9 -9 7 1 243 
16 -9 -9 4 1 39 
-3 -7 -9 9 5 561 562 676 813 2349 
-15 -5 -9 7 6 578 729 731 966 1343 2266 
11 -5 -9 7 2 240 1776 
-3 -3 -9 12 9 171 574 1338 1392 1438 1707 2874 2882 2928 
3 -3 -9 10 3 198 1734 2877 
7 -3 -9 8 2 61 1597 
11 -3 -9 8 2 195 1731 
15 -3 -9 6 1 1598 
-1 -2 -9 6 1 1445 
-7 -1 -9 6 1 2956 
1 -1 -9 9 1 2114 
3 -1 -9 9 2 47 1583 
-16 1 -9 4 1 1225 
1 1 -9 9 1 2092 
9 1 -9 9 7 777 948 1198 1347 2313 2484 2734 
-7 3 -9 9 5 70 975 1606 1804 2511 
-5 3 -9 8 4 186 1323 1722 2859 
-3 3 -9 10 2 1226 2762 
-1 3 -9 10 4 65 1020 1601 2556 
1 3 -9 10 4 74 939 1610 2475 
3 3 -9 10 2 252 1788 
5 3 -9 8 2 159 1695 
9 3 -9 9 4 73 1199 1609 2735 
11 3 -9 8 2 1314 2850 
13 3 -9 7 3 162 1044 1698 
15 3 -9 6 1 2583 
-15 5 -9 6 2 71 1994 
3 5 -9 10 10 249 1203 1222 1311 1404 2739 2758 2847 2940 3018 
-13 7 -9 6 1 2856 
-9 7 -9 8 5 34 168 1029 1570 2565 
1 7 -9 9 4 43 1223 1579 2759 
7 7 -9 8 3 1056 1268 2592 
-3 9 -9 8 2 388 1924 
3 9 -9 8 2 786 2322 
-15 11 -9 4 1 1031 
-5 11 -9 7 3 389 1026 1925 
1 11 -9 7 1 385 
15 14 -9 2 1 44 
-16 15 -9 3 1 386 
-15 16 -9 3 1 1607 
-12 17 -9 4 2 277 1922 
-15 -15 -7 5 1 1807 
-14 -15 -7 4 1 956 
-13 -15 -7 5 1 2206 
-11 -15 -7 5 1 724 
-7 -15 -7 5 1 478 
-5 -15 -7 6 2 669 2205 
5 -15 -7 6 2 793 2329 
11 -15 -7 5 1 2341 
-15 -13 -7 6 3 288 1808 1824 
5 -13 -7 8 4 261 794 1396 2330 
-15 -11 -7 7 6 37 954 955 1440 2491 2976 
9 -11 -7 7 2 790 2326 
13 -9 -7 7 2 791 2327 
-3 -7 -7 10 8 36 324 475 532 664 1572 2011 2068 
-16 -5 -7 6 3 694 992 2265 
13 -5 -7 7 2 533 2069 
-9 -3 -7 6 1 2014 
-5 -3 -7 7 1 1811 
-3 -3 -7 9 1 2973 
3 -3 -7 9 2 529 2065 
7 -3 -7 8 2 926 2462 
9 -3 -7 8 2 487 2023 
11 -3 -7 8 2 488 2024 
13 -3 -7 8 2 484 2020 
15 -3 -7 8 2 485 2021 
-15 -1 -7 5 1 1320 
-11 -1 -7 6 1 31 
-9 -1 -7 6 1 968 
-3 -1 -7 10 2 32 1568 
1 -1 -7 10 2 928 2464 
3 -1 -7 10 4 530 929 2066 2465 
-5 1 -7 9 4 479 1006 2015 2542 
-1 1 -7 11 8 476 766 1009 1236 2012 2302 2545 2772 
-13 3 -7 7 1 2502 
-3 3 -7 10 4 99 1010 1635 2546 
1 3 -7 10 2 449 1985 
3 3 -7 10 2 767 2303 
5 3 -7 9 4 452 925 1988 2461 
7 3 -7 8 2 451 1987 
9 3 -7 8 2 1034 2570 
11 3 -7 8 2 1033 2569 
13 3 -7 8 2 1037 2573 
15 3 -7 8 4 111 1036 1647 2572 
-9 5 -7 7 1 2978 
-7 5 -7 7 1 734 
-5 5 -7 8 5 681 1251 1826 2217 2787 
3 5 -7 8 2 763 2299 
11 5 -7 7 2 1194 2730 
13 5 -7 7 2 1264 2800 
-13 7 -7 7 2 457 1993 
-11 7 -7 9 9 94 269 461 1433 1630 1704 1997 2239 2969 
-7 7 -7 7 2 1007 2543 
3 7 -7 8 2 764 2300 
-13 9 -7 5 1 1709 
-9 9 -7 7 2 460 1996 
3 9 -7 10 10 448 541 557 1215 1245 1787 1984 2077 2751 2781 
11 9 -7 7 1 1537 
-3 11 -7 8 2 96 1632 
1 11 -7 8 2 1217 2753 
3 11 -7 8 2 542 2078 
15 11 -7 5 1 90 
-15 13 -7 4 1 458 
-9 13 -7 6 1 2784 
-3 13 -7 7 1 1248 
7 13 -7 6 2 1257 2793 
13 13 -7 7 5 538 1531 1937 2074 3067 
7 15 -7 7 2 92 1628 
9 15 -7 6 2 395 1931 
11 15 -7 7 4 380 539 1916 2075 
-15 16 -7 3 1 1631 
-3 -7 -6 6 1 2988 
-13 -16 -5 3 1 670 
5 -15 -5 6 2 792 2328 
-9 -14 -5 5 5 194 481 675 1346 2262 
-15 -13 -5 5 1 671 
-13 -13 -5 5 1 2490 
5 -13 -5 7 2 247 1783 
7 -11 -5 7 2 789 2325 
-3 -9 -5 5 1 27 
3 -9 -5 7 2 248 1784 
5 -7 -5 7 2 531 2067 
-7 -6 -5 5 1 732 
1 -5 -5 8 4 334 1861 1870 2342 
-13 -4 -5 7 3 2013 2879 2974 
-13 -3 -5 6 1 2230 
-1 -3 -5 10 4 353 528 1889 2064 
7 -3 -5 8 2 203 1739 
9 -3 -5 8 2 486 2022 
11 -3 -5 8 2 349 1885 
-7 -1 -5 7 1 1419 
-5 -1 -5 8 2 352 1888 
-3 -1 -5 12 10 63 175 335 474 1439 1711 1871 1926 2010 2975 
1 -1 -5 10 2 927 2463 
5 -1 -5 9 4 361 924 1897 2460 
3 1 -5 12 9 202 447 765 1237 1738 1936 1983 2301 2773 
13 1 -5 10 8 166 483 1201 1689 1702 2019 2737 2883 
15 1 -5 9 7 350 1035 1072 1200 1886 2571 2736 
-15 3 -5 6 1 2503 
-13 3 -5 9 7 193 280 456 1429 1729 1816 1992 
-11 3 -5 7 1 951 
-5 3 -5 8 2 1005 2541 
-3 3 -5 10 2 1238 2774 
-1 3 -5 10 2 1008 2544 
1 3 -5 10 2 362 1898 
2 3 -5 5 1 401 
3 3 -5 10 2 256 1792 
9 3 -5 8 2 167 1703 
-7 5 -5 8 7 176 682 1252 1712 1856 2218 2788 
3 5 -5 8 2 762 2298 
10 5 -5 4 1 2723 
-15 7 -5 6 2 359 1895 
-3 7 -5 8 2 1253 2789 
11 7 -5 8 5 257 1032 1047 1793 2568 
-11 9 -5 7 2 358 1894 
-3 9 -5 9 4 540 1246 2076 2782 
9 9 -5 7 2 397 1933 
-3 11 -5 8 2 1247 2783 
7 11 -5 8 6 105 331 450 1641 1867 1986 
-9 13 -5 7 2 459 1995 
-3 13 -5 9 4 537 1249 2073 2785 
1 13 -5 8 2 1213 2749 
9 13 -5 7 2 394 1930 
-1 15 -5 9 3 95 1250 2786 
1 15 -5 9 2 1214 2750 
3 15 -5 9 4 107 332 1643 1868 
5 15 -5 7 2 1259 2795 
11 15 -5 7 1 17 
-5 -1 -4 6 2 1740 2246 
-11 -16 -3 6 5 1345 1424 2202 2207 2881 
-15 -15 -3 6 2 666 958 
-1 -15 -3 7 1 748 
5 -15 -3 8 4 751 796 2287 2332 
7 -15 -3 7 1 750 
-13 -13 -3 6 1 679 
5 -13 -3 8 2 797 2333 
5 -11 -3 8 2 1414 2950 
7 -11 -3 10 8 871 1399 1413 1797 2281 2407 2935 2949 
11 -11 -3 7 2 735 2271 
13 -11 -3 7 2 1417 2953 
-14 -10 -3 4 1 2211 
-3 -9 -3 8 1 1224 
3 -9 -3 10 6 263 1400 1799 1836 2282 2936 
11 -9 -3 8 2 266 1802 
13 -9 -3 8 2 1418 2954 
-6 -7 -3 5 1 723 
-3 -7 -3 9 2 2099 2961 
5 -7 -3 8 2 760 2296 
7 -7 -3 9 5 535 759 971 2071 2295 
9 -7 -3 8 2 550 2086 
15 -7 -3 8 2 552 2088 
-3 -5 -3 7 1 2097 
-1 -5 -3 9 3 1860 2260 2963 
5 -5 -3 9 7 343 536 747 761 1879 2072 2297 
13 -5 -3 8 2 554 2090 
15 -5 -3 8 2 327 1863 
-3 -3 -3 13 9 272 672 1013 1477 1504 2208 2549 3013 3040 
-1 -3 -3 13 9 916 1476 1486 1505 1724 2452 3012 3022 3041 
3 -3 -3 12 2 753 2289 
5 -3 -3 10 4 1354 1411 2890 2947 
7 -3 -3 10 2 1410 2946 
9 -3 -3 10 2 490 2026 
11 -3 -3 11 9 491 546 936 1318 1366 2027 2082 2854 2902 
13 -3 -3 10 6 1040 1480 1501 2576 3016 3037 
15 -3 -3 10 4 1039 1502 2575 3038 
-13 -1 -3 8 1 3034 
-11 -1 -3 7 1 2959 
-9 -1 -3 7 1 1001 
1 -1 -3 13 5 287 755 1422 1823 2291 
3 -1 -3 13 11 260 932 1427 1487 1496 1513 1796 2468 3023 3032 3049 
5 -1 -3 10 2 455 1991 
7 -1 -3 11 6 41 454 1355 1577 1990 2891 
11 -1 -3 10 2 329 1865 
13 -1 -3 9 2 1481 3017 
9 0 -3 6 1 399 
-7 1 -3 10 4 685 2018 2221 2536 
-5 1 -3 11 6 684 1327 1821 2220 2489 2863 
-1 1 -3 13 2 687 2223 
1 1 -3 14 12 769 849 931 976 1207 1233 1401 2305 2385 2467 2743 2769 
7 1 -3 9 3 1209 1302 2745 
9 1 -3 9 1 2712 
-15 3 -3 9 7 129 703 1511 1665 2231 2494 3047 
-13 3 -3 9 1 959 
-9 3 -3 9 5 279 463 1815 1999 2566 
-7 3 -3 10 4 686 1328 2222 2864 
-5 3 -3 10 1 1928 
-1 3 -3 13 5 282 1012 1818 1822 2548 
1 3 -3 14 11 100 228 555 770 1208 1514 1636 1764 2306 2744 3050 
7 3 -3 9 2 108 1644 
11 3 -3 10 4 112 1648 1915 1935 
-15 5 -3 8 2 691 2227 
-13 5 -3 9 2 1510 3046 
-9 5 -3 8 2 1431 2967 
-3 5 -3 10 2 1435 2971 
-1 5 -3 11 9 1150 1230 1408 1434 1921 2686 2766 2944 2970 
1 5 -3 10 2 1204 2740 
13 5 -3 7 1 857 
15 5 -3 7 2 1263 2799 
-15 7 -3 8 2 692 2228 
-13 7 -3 8 2 281 1817 
-7 7 -3 8 2 683 2219 
-5 7 -3 8 2 284 1820 
-3 7 -3 10 4 101 1436 1637 2972 
-1 7 -3 10 2 33 1569 
1 7 -3 10 2 1205 2741 
3 7 -3 10 2 110 1646 
5 7 -3 8 2 1262 2798 
9 7 -3 10 10 52 119 1196 1319 1409 1588 1626 2732 2855 2945 
13 7 -3 8 1 2388 
-11 9 -3 8 4 464 706 2000 2242 
-5 9 -3 8 2 567 2103 
-3 9 -3 11 9 544 571 1161 1242 2049 2080 2107 2697 2778 
1 9 -3 9 2 1216 2752 
-13 11 -3 7 1 2243 
-9 11 -3 8 2 276 1812 
-5 11 -3 8 2 322 1858 
3 11 -3 11 9 97 106 114 518 545 1633 1642 1785 2081 
-9 13 -3 8 2 1428 2964 
-7 13 -3 8 2 565 2101 
-5 13 -3 8 2 564 2100 
-3 13 -3 10 6 1158 1239 1474 2694 2775 3010 
-1 13 -3 10 4 1473 2695 2965 3009 
3 13 -3 9 3 251 1212 2748 
11 13 -3 10 8 378 393 1483 1929 2803 2937 3019 3068 
-11 15 -3 6 1 2966 
-9 15 -3 8 2 35 1571 
-7 15 -3 8 2 566 2102 
-5 15 -3 8 2 323 1859 
-3 15 -3 10 4 125 1475 1661 3011 
-1 15 -3 11 9 20 98 1160 1484 1556 1580 1634 2696 3020 
-14 -12 -2 5 1 988 
-15 -11 -2 8 7 718 1362 2204 2433 2527 2880 2898 
-5 -1 -2 6 1 289 
-15 -15 -1 5 1 2203 
-11 -15 -1 7 3 900 1425 2436 
1 -15 -1 8 1 667 
5 -15 -1 8 2 795 2331 
-13 -13 -1 7 1 2528 
-7 -13 -1 5 1 2981 
3 -13 -1 8 1 1806 
5 -13 -1 10 7 220 246 752 1756 1782 2288 2962 
-14 -12 -1 6 1 1825 
-15 -11 -1 7 1 2200 
-7 -11 -1 6 1 480 
-5 -11 -1 7 1 2249 
-1 -11 -1 8 2 1452 2247 
7 -11 -1 9 2 1398 2934 
15 -11 -1 7 2 1416 1800 
-1 -9 -1 7 1 1437 
3 -9 -1 9 2 45 1581 
-3 -7 -1 9 2 918 2454 
-1 -7 -1 8 1 2253 
7 -7 -1 9 2 505 2041 
11 -7 -1 10 10 348 534 549 745 859 895 1884 2070 2085 2431 
-5 -5 -1 5 1 3006 
1 -5 -1 9 3 333 1869 2506 
-5 -3 -1 9 1 2091 
1 -3 -1 14 14 7 673 754 930 952 1485 1494 1543 1599 2209 2290 2466 3021 3030 
9 -3 -1 11 7 489 547 1365 2025 2083 2901 2913 
13 -3 -1 10 2 1500 3036 
15 -3 -1 10 4 11 1038 1547 2574 
-15 -1 -1 8 1 957 
-11 -1 -1 10 8 357 477 560 696 1883 1893 2233 2495 
-5 -1 -1 13 13 285 326 482 674 1326 1358 1573 1862 2017 2210 2213 2862 2894 
-1 -1 -1 13 4 10 1011 1546 2547 
1 -1 -1 13 5 13 16 150 1549 1552 
5 -1 -1 11 9 344 360 806 1353 1412 1880 1896 2889 2948 
7 -1 -1 11 5 60 453 514 1596 1989 
9 -1 -1 11 2 72 1608 
11 -1 -1 10 2 1317 2853 
15 -1 -1 9 3 18 1554 2384 
-9 1 -1 8 2 1887 2232 
-7 1 -1 10 4 69 1442 1605 2487 
1 1 -1 13 2 1234 2770 
3 1 -1 13 6 201 768 1206 1737 2304 2742 
5 1 -1 10 4 513 1210 2727 2746 
9 1 -1 9 1 2382 
-11 3 -1 9 2 698 2234 
-3 3 -1 14 13 127 174 255 689 1235 1421 1503 1663 1710 1791 2225 2771 3039 
3 3 -1 13 3 1192 1512 3048 
5 3 -1 10 2 1211 2747 
7 3 -1 9 1 512 
11 3 -1 9 1 2596 
13 3 -1 10 6 165 1061 1076 1202 1701 2738 
-13 5 -1 9 2 1509 3045 
-11 5 -1 9 5 700 1140 1432 2676 2968 
-3 5 -1 10 4 1149 1231 2685 2767 
1 5 -1 10 2 1380 2916 
3 5 -1 10 2 1407 2943 
5 5 -1 9 5 843 846 1261 2379 2797 
15 5 -1 7 1 2383 
-15 7 -1 8 2 8 1544 
-3 7 -1 10 4 128 1232 1664 2768 
-1 7 -1 10 2 1151 2687 
1 7 -1 10 2 51 1587 
3 7 -1 10 4 42 1382 1578 2918 
5 7 -1 8 2 230 1766 
7 7 -1 9 3 91 855 1627 
13 7 -1 9 4 227 1265 1763 2392 
-3 9 -1 10 2 1243 2779 
3 9 -1 10 4 517 543 2053 2079 
-3 11 -1 11 9 124 330 572 1244 1651 1660 1866 2108 2780 
-1 11 -1 9 2 321 1857 
3 11 -1 10 1 2807 
5 11 -1 7 2 1220 2756 
9 11 -1 7 3 398 1876 1934 
-3 13 -1 9 3 1240 1482 2776 
-9 15 -1 8 4 462 1241 1998 2777 
15 16 -1 3 1 1553 
-13 -13 0 6 1 1344 
-7 -11 0 5 1 1441 
-9 -15 1 7 2 989 2525 
-7 -15 1 8 4 912 2212 2248 2448 
-3 -15 1 10 8 633 665 829 909 1563 2169 2365 2445 
-5 -14 1 5 1 2250 
-13 -13 1 10 9 192 271 300 663 668 905 2256 2441 2493 
-5 -13 1 5 1 580 
-3 -13 1 9 4 495 830 2366 2457 
9 -11 1 8 2 826 2362 
9 -9 1 9 5 737 827 2273 2276 2363 
1 -7 1 9 1 2293 
3 -7 1 11 9 508 588 756 838 2044 2124 2214 2292 2374 
13 -7 1 9 7 215 553 891 1132 2089 2427 2668 
3 -5 1 11 4 315 839 1851 2375 
7 -5 1 10 5 258 506 746 1794 2042 
-5 -3 1 9 2 1356 2537 
-3 -3 1 13 6 835 915 1467 2371 2451 3003 
1 -3 1 12 2 1126 2662 
3 -3 1 12 2 1127 2663 
5 -3 1 10 4 501 1123 2037 2659 
7 -3 1 10 2 502 2038 
11 -3 1 10 2 1136 2672 
15 -3 1 12 9 844 889 1133 1479 2389 2425 2609 2669 3015 
-7 -2 1 6 1 320 
-7 -1 1 11 8 59 351 991 1097 1595 2093 2633 2892 
-3 -1 1 14 10 22 206 997 1000 1478 1558 1742 2016 2533 3014 
-1 -1 1 14 9 19 286 917 998 1099 1555 2453 2534 2635 
7 -1 1 11 7 503 1081 1124 1751 2039 2617 2660 
9 -1 1 14 13 56 229 548 836 867 1070 1135 1173 1592 2084 2372 2606 2671 
11 -1 1 10 4 1069 1367 2605 2903 
15 -1 1 8 1 848 
-3 1 1 14 11 606 688 1100 1152 1180 1730 2142 2224 2636 2688 2716 
-1 1 1 13 2 1153 2689 
7 1 1 9 1 2403 
15 1 1 8 1 154 
-5 3 1 9 2 1096 2632 
-1 3 1 13 7 309 1154 1181 1845 2690 2717 2725 
1 3 1 12 2 1079 2615 
3 3 1 12 2 1078 2614 
5 3 1 10 4 1082 1765 2050 2618 
-13 5 1 10 8 690 695 702 1105 1461 2226 2641 2997 
3 5 1 10 3 1177 1381 2917 
7 5 1 8 3 853 1260 2796 
-15 7 1 8 4 24 1106 1560 2642 
-11 9 1 8 2 1109 2645 
-9 9 1 9 7 597 705 1108 2133 2238 2241 2644 
-7 11 1 9 4 312 569 1848 2105 
3 11 1 9 1 1190 
7 11 1 7 1 2393 
-9 13 1 8 2 1464 3000 
-9 15 1 8 2 23 1559 
1 15 1 7 1 2048 
11 15 1 5 1 1185 
16 15 1 2 1 1187 
9 11 2 6 1 1307 
3 -15 3 9 7 634 828 877 2170 2364 2413 2422 
5 -15 3 8 2 873 2409 
7 -15 3 7 2 874 2410 
-15 -13 3 7 5 210 990 1746 2258 2526 
3 -13 3 9 7 235 635 878 1771 1798 2171 2414 
3 -11 3 10 6 744 1372 1453 2280 2908 2989 
5 -11 3 8 2 870 2406 
9 -11 3 10 9 736 825 1134 1368 1551 2272 2361 2670 2904 
13 -11 3 7 1 2415 
-3 -9 3 9 3 209 1745 2199 
3 -9 3 10 6 236 1373 1454 1772 2909 2990 
5 -9 3 8 2 221 1757 
7 -9 3 9 5 40 824 872 1576 2408 
9 -9 3 9 2 55 1591 
11 -9 3 8 2 1370 2906 
13 -9 3 8 2 218 1754 
-1 -7 3 9 3 563 919 2455 
1 -7 3 9 2 507 2043 
2 -7 3 5 1 2977 
3 -7 3 10 4 589 837 2125 2373 
5 -7 3 8 2 504 2040 
15 -7 3 8 4 134 892 1670 2428 
-3 -5 3 10 4 204 205 677 1741 
-1 -5 3 9 2 920 2456 
1 -5 3 11 5 342 758 1753 1878 2294 
3 -5 3 12 10 232 259 509 590 757 887 1768 1795 2045 2126 
9 -5 3 9 5 213 551 1749 2087 2426 
11 -5 3 9 6 133 328 896 1669 1864 2432 
13 -5 3 8 2 214 1750 
15 -5 3 8 2 893 2429 
-16 -3 3 7 2 181 1728 
-10 -3 3 4 1 267 
-3 -3 3 12 4 996 1468 2532 3004 
-1 -3 3 12 2 179 1715 
1 -3 3 12 2 1125 2661 
3 -3 3 12 4 834 1495 2370 3031 
5 -3 3 9 3 1122 2620 2658 
13 -3 3 10 6 888 1073 1131 1690 2424 2667 
-7 -1 3 10 2 999 2535 
-3 -1 3 12 2 1469 3005 
3 -1 3 12 2 233 1769 
7 -1 3 10 4 137 1085 1673 1687 
-13 1 3 7 1 2492 
-7 1 3 10 2 1155 2691 
-5 1 3 11 7 178 1095 1156 1714 1803 2631 2692 
3 1 3 13 6 607 850 1179 2143 2386 2715 
11 1 3 8 1 2914 
3 2 3 8 1 1375 
-13 3 3 9 3 1148 2229 2684 
-9 3 3 9 1 1718 
-7 3 3 10 4 126 146 1662 1682 
-3 3 3 12 2 145 1681 
-1 3 3 12 2 1098 2634 
1 3 3 12 2 152 1688 
3 3 3 16 16 109 118 136 608 851 1077 1188 1645 1654 1672 2144 2387 2608 2613 2724 2843 
-15 5 3 8 2 1281 2817 
-13 5 3 9 4 1104 1462 2640 2998 
-9 5 3 8 2 1141 2677 
-7 5 3 8 2 1278 2814 
-5 5 3 8 2 1279 2815 
7 5 3 8 1 2380 
-15 7 3 8 4 84 143 1620 1679 
-13 7 3 8 2 1283 2819 
-11 7 3 8 2 131 1667 
-9 7 3 8 2 1142 2678 
-5 7 3 8 2 1280 2816 
3 7 3 9 2 1463 2999 
7 7 3 9 6 845 1080 1084 1176 1178 2381 
11 7 3 9 6 113 1068 1379 1649 2713 2915 
-11 9 3 8 2 414 1950 
-9 9 3 9 6 415 598 1107 1951 2134 2643 
-7 9 3 9 4 568 1164 2104 2700 
-5 9 3 8 2 1165 2701 
1 9 3 9 1 2394 
-9 11 3 8 2 416 1952 
-7 11 3 9 5 123 599 1659 2135 2699 
-5 11 3 8 2 1166 2702 
13 11 3 6 1 1655 
16 11 3 4 1 2607 
-11 13 3 8 8 142 411 707 1465 1492 1678 1947 3001 
-9 13 3 8 2 412 1948 
-7 13 3 8 2 1275 2811 
-5 13 3 8 2 1276 2812 
5 13 3 8 4 151 1258 2046 2794 
-11 15 3 6 1 374 
-9 15 3 8 2 413 1949 
-7 15 3 8 2 86 1622 
-5 15 3 8 2 1277 2813 
-1 15 3 9 3 115 1466 3002 
6 8 4 5 1 2616 
16 13 4 4 1 1305 
16 15 4 4 2 1652 2721 
-9 -15 5 7 2 901 2437 
-7 -15 5 7 1 678 
-3 -15 5 8 2 630 2166 
3 -15 5 8 2 832 2368 
-3 -13 5 8 2 301 1837 
3 -13 5 8 2 833 2369 
-13 -11 5 7 1 1717 
-3 -11 5 8 2 627 2163 
3 -11 5 8 2 1387 2923 
1 -9 5 9 6 54 302 1388 1590 1838 2924 
13 -9 5 6 2 1285 2821 
3 -7 5 9 4 585 841 2121 2377 
5 -7 5 7 2 1288 2824 
15 -7 5 7 2 1286 2822 
-2 -5 5 5 1 290 
1 -5 5 10 5 316 842 1270 1852 2378 
11 -5 5 7 2 1139 2675 
-15 -3 5 9 7 346 994 1295 1497 2530 2831 3033 
-13 -3 5 7 1 1520 
-5 -3 5 8 2 1004 2540 
-3 -3 5 10 4 582 1330 2118 2866 
1 -3 5 10 2 1384 2920 
7 -3 5 7 1 1759 
9 -3 5 9 3 155 1138 2674 
-13 -1 5 9 5 494 995 1294 2531 2830 
-7 -1 5 9 3 182 1003 2539 
-3 -1 5 10 2 317 1853 
3 -1 5 10 6 438 879 1130 1385 2666 2921 
7 -1 5 9 4 444 1289 2825 2839 
9 -1 5 9 2 1691 2604 
9 0 5 8 1 858 
-11 1 5 8 2 1333 2869 
-9 1 5 8 2 1334 2870 
-7 1 5 9 2 1298 2834 
-3 1 5 10 2 603 2139 
1 1 5 10 2 1183 2719 
5 1 5 6 1 2395 
9 1 5 8 1 1694 
-11 3 5 8 2 1112 2648 
-9 3 5 8 2 1111 2647 
-5 3 5 8 2 1297 2833 
-3 3 5 10 2 1103 2639 
-1 3 5 11 7 310 1102 1331 1846 1941 2638 2867 
1 3 5 11 7 1129 1184 1186 1304 2665 2720 2840 
7 3 5 6 1 2911 
-15 5 5 7 2 600 2136 
-1 7 5 7 2 311 1847 
-3 9 5 7 2 594 2130 
1 9 5 7 1 2728 
-3 11 5 8 2 313 1849 
1 11 5 8 4 376 1193 1940 2729 
4 11 5 5 1 1686 
11 11 5 5 1 2619 
-9 13 5 7 2 591 2127 
13 14 5 4 1 1071 
-1 15 5 7 3 314 1850 2726 
11 16 5 3 1 2842 
13 16 5 4 1 1267 
15 16 5 4 3 1075 2611 2804 
-1 -15 7 9 6 631 831 910 2167 2367 2446 
5 -15 7 7 2 1287 2823 
-7 -13 7 7 3 207 1743 2434 
-3 -13 7 8 2 632 2168 
3 -13 7 8 2 234 1770 
-13 -11 7 7 1 1364 
-1 -11 7 9 6 628 907 1386 2164 2443 2922 
11 -11 7 7 4 132 1369 1668 2905 
-3 -9 7 8 2 629 2165 
3 -9 7 8 2 49 1585 
9 -9 7 7 3 882 1137 2673 
-3 -7 7 8 2 586 2122 
3 -7 7 8 2 840 2376 
15 -7 7 7 2 83 1619 
-3 -5 7 8 2 587 2123 
3 -5 7 8 2 231 1767 
13 -5 7 7 2 1284 2820 
-15 -3 7 8 2 993 2529 
-12 -3 7 6 1 499 
-3 -3 7 10 2 583 2119 
1 -3 7 10 4 1128 1383 2664 2919 
-13 -1 7 9 5 180 1499 1716 2029 3035 
-7 -1 7 8 2 1002 2538 
-5 -1 7 9 4 177 1296 1713 2832 
-3 -1 7 11 8 50 144 584 1329 1586 1680 2120 2865 
7 -1 7 7 3 82 1163 1618 
-13 1 7 9 2 1293 2829 
-9 1 7 9 5 67 987 1110 1603 2646 
-3 1 7 10 2 604 2140 
1 1 7 10 2 1182 2718 
5 1 7 5 1 406 
-15 3 7 8 2 80 1616 
-11 3 7 9 7 130 141 1332 1666 1677 2523 2868 
-1 3 7 12 10 68 117 605 1101 1172 1604 1653 2141 2637 2838 
3 3 7 9 2 135 1671 
9 3 7 7 2 1269 1900 
11 3 7 6 1 116 
-1 5 7 8 3 601 2137 2705 
-7 7 7 8 7 79 85 602 1615 1621 2138 3061 
16 7 7 4 1 1063 
1 9 7 10 7 77 516 595 1189 1191 1613 2131 
3 9 7 7 1 2714 
-5 11 7 7 2 596 2132 
3 11 7 6 1 1266 
15 11 7 2 1 1650 
17 11 7 4 1 2399 
-9 13 7 7 3 305 592 2128 
-9 15 7 6 2 593 2129 
16 15 7 4 2 89 1074 
7 6 8 5 2 860 2396 
10 8 8 5 1 1624 
25 11 8 2 1 224 
9 15 8 4 1 442 
11 15 8 5 2 1625 2722 
-3 -15 9 8 2 642 2178 
1 -15 9 8 2 876 2412 
3 -15 9 8 2 820 2356 
9 -15 9 6 4 424 885 1960 2421 
-3 -13 9 10 7 208 297 821 1744 1833 1882 2357 
-1 -13 9 8 2 911 2447 
1 -13 9 8 2 219 1755 
9 -13 9 6 2 216 1752 
11 -13 9 5 1 2423 
-15 -11 9 7 1 57 
-3 -11 9 8 4 906 1449 2442 2985 
3 -11 9 8 2 817 2353 
-11 -9 9 5 1 2032 
-3 -9 9 8 2 28 1564 
7 -9 9 8 4 818 1115 2354 2651 
15 -9 9 7 3 422 1958 2419 
-5 -7 9 7 3 922 1567 2458 
-3 -7 9 8 2 651 2187 
3 -7 9 8 2 523 2059 
-3 -5 9 8 2 294 1830 
3 -5 9 8 2 524 2060 
15 -5 9 7 1 890 
-15 -3 9 8 2 982 2518 
-11 -3 9 7 1 2033 
-5 -3 9 8 2 470 2006 
-3 -3 9 11 7 466 492 1091 1446 2002 2627 2982 
-1 -3 9 11 7 467 520 1090 2003 2056 2626 2710 
11 -3 9 7 2 425 1961 
13 -3 9 8 4 421 1064 1957 2600 
-15 -1 9 8 2 12 1548 
-11 -1 9 8 2 979 2515 
1 -1 9 12 10 29 440 521 1117 1565 1976 2057 2597 2621 2653 
3 -1 9 11 5 1118 1175 1303 1975 2654 
5 -1 9 7 2 1114 2650 
13 0 9 7 1 1491 
-13 1 9 9 5 650 983 1147 2519 2683 
1 1 9 10 3 615 1171 2151 
7 1 9 7 1 3028 
11 1 9 7 1 2599 
13 1 9 7 1 2707 
-15 3 9 8 2 431 1967 
-11 3 9 8 2 434 1970 
-9 3 9 9 7 433 980 1145 1969 2028 2516 2681 
-7 3 9 9 5 469 1088 1973 2005 2624 
-5 3 9 8 2 1087 2623 
1 3 9 10 3 306 1060 1842 
-13 5 9 10 8 430 1282 1458 1519 1966 2818 2994 3055 
-1 5 9 9 3 1168 1273 2708 
5 5 9 7 1 225 
7 5 9 7 3 223 847 2704 
-15 7 9 6 2 25 1561 
13 7 9 6 1 1169 
16 7 9 4 1 1762 
-9 9 9 7 2 624 2160 
3 9 9 6 1 88 
-3 11 9 7 3 303 1839 1943 
13 11 9 6 1 1589 
7 12 9 6 1 3063 
-13 13 9 5 1 1525 
-3 13 9 8 4 403 1455 1939 2991 
3 13 9 7 1 3065 
7 13 9 7 3 2 1083 2612 
9 13 9 7 4 153 441 1612 2802 
15 13 9 3 1 2610 
9 14 9 4 1 1271 
-3 15 9 8 3 26 1159 1562 
-1 15 9 8 2 404 1162 
3 15 9 6 1 340 
15 -5 10 5 1 2416 
3 5 10 6 1 1167 
17 6 10 4 1 226 
-3 -15 11 7 2 643 2179 
3 -15 11 7 1 819 
-11 -13 11 7 5 211 644 897 1747 2180 
13 -13 11 5 2 1390 2352 
-5 -11 11 7 4 1360 1450 2896 2986 
-9 -9 11 6 1 496 
-7 -9 11 6 1 899 
-3 -9 11 8 2 1451 2987 
1 -9 11 8 2 1116 2652 
3 -9 11 8 2 239 1775 
11 -9 11 7 1 3058 
15 -9 11 7 5 371 881 1523 1907 2417 
-11 -7 11 6 1 2035 
-3 -7 11 8 2 652 2188 
9 -7 11 8 6 423 522 894 1959 2058 2430 
11 -7 11 7 1 2360 
-5 -5 11 8 5 345 653 923 2189 2459 
3 -5 11 8 2 337 1873 
-5 -3 11 10 8 355 1086 1357 1447 1891 2622 2893 2983 
-3 -3 11 10 4 148 465 1684 2001 
-1 -3 11 10 6 356 519 1089 1892 2055 2625 
7 -3 11 7 2 140 1676 
11 -3 11 8 2 370 1906 
13 -3 11 7 2 420 1956 
-13 -1 11 7 2 184 1720 
-11 -1 11 8 2 978 2514 
-7 -1 11 8 2 468 2004 
-3 -1 11 9 2 1448 2984 
3 -1 11 9 5 139 338 1174 1657 1675 
5 -1 11 8 4 364 1113 1901 2649 
7 -1 11 7 1 1977 
11 -1 11 8 2 1059 2595 
-15 1 11 8 4 981 1146 2517 2682 
-11 1 11 8 2 1143 2679 
-9 1 11 9 9 185 432 616 1144 1721 1968 2152 2524 2680 
-15 3 11 8 4 368 617 1904 2153 
-11 3 11 8 2 367 1903 
-7 3 11 8 2 149 1685 
3 3 11 7 1 158 
5 3 11 6 1 2806 
11 3 11 7 2 1875 3052 
-3 5 11 8 3 1459 2995 3026 
-1 5 11 8 2 122 2805 
12 5 11 4 1 856 
13 5 11 4 1 2703 
-15 7 11 6 2 1460 2996 
-15 9 11 7 5 417 625 1524 1953 2161 
-13 9 11 6 2 418 1954 
3 9 11 7 2 1517 2698 
13 9 11 6 5 157 864 1374 1611 1693 
13 10 11 3 1 1942 
-15 11 11 5 1 372 
-13 11 11 7 3 419 429 1955 
-3 11 11 8 3 405 626 2162 
16 11 11 4 2 854 1066 
7 12 11 6 3 510 1515 2047 
-1 13 11 6 2 402 2155 
-15 15 11 5 2 1456 2154 
-1 15 11 7 2 2993 3027 
5 15 11 5 1 1912 
3 16 11 5 1 1550 
13 0 12 5 1 1170 
14 0 12 4 1 2391 
15 0 12 4 1 1874 
9 7 12 6 1 1658 
16 10 12 4 4 156 2401 2598 2601 
7 12 12 4 1 377 
-13 13 12 4 1 1965 
15 14 12 3 1 1062 
15 -16 13 4 3 217 2418 3059 
-13 -15 13 6 2 986 2522 
-7 -15 13 7 2 639 2175 
16 -15 13 3 1 2359 
3 -13 13 7 2 298 1834 
7 -13 13 7 6 238 875 1292 2411 2828 2926 
-15 -11 13 6 2 636 2172 
-3 -9 13 8 2 299 1835 
3 -9 13 8 4 1121 1391 2657 2927 
5 -9 13 6 2 1291 2827 
11 -9 13 6 1 428 
13 -9 13 5 1 1522 
-15 -7 13 6 2 498 2185 
-7 -7 13 5 1 921 
-3 -7 13 8 2 648 2184 
3 -7 13 8 2 526 2062 
-13 -5 13 5 1 2031 
-9 -5 13 6 1 497 
-3 -5 13 8 2 295 1831 
3 -5 13 8 2 527 2063 
-15 -3 13 8 3 985 1881 2521 
-9 -3 13 8 4 347 493 1337 2873 
-3 -3 13 10 6 645 1094 1507 2181 2630 3043 
-1 -3 13 10 4 1489 1508 3025 3044 
9 -3 13 8 2 427 1963 
-11 -1 13 7 2 1336 2872 
-7 -1 13 8 4 296 472 1832 2008 
3 -1 13 7 1 120 
-1 1 13 9 2 612 2148 
-11 3 13 7 1 437 
-9 3 13 8 2 436 1972 
-7 3 13 8 2 1301 2837 
-5 3 13 9 5 473 1300 1841 2009 2836 
-1 3 13 10 5 307 439 1093 1843 2629 
1 3 13 10 5 409 1120 1911 2656 3053 
9 3 13 8 5 121 446 1310 1377 2846 
15 3 13 4 2 852 2711 
-7 5 13 7 2 609 2145 
-1 5 13 7 1 1490 
-9 7 13 7 2 308 1844 
10 7 13 5 1 1978 
11 7 13 6 2 1306 2809 
13 7 13 5 3 1274 1308 1692 
16 7 13 4 2 869 2404 
-9 9 13 6 2 621 2157 
3 9 13 6 1 2709 
16 9 13 4 2 866 2402 
-11 11 13 6 3 373 1840 1909 
7 11 13 6 3 76 515 2841 
11 12 13 5 1 868 
-15 13 13 4 2 1457 2992 
-3 13 13 7 3 304 2052 2159 
5 13 13 4 1 2051 
11 13 13 5 2 1309 2845 
5 14 13 5 4 341 511 1493 1899 
7 14 13 7 4 410 445 1946 1981 
9 14 13 7 5 222 1527 1528 2400 2405 
-16 15 13 3 1 3056 
-11 15 13 4 1 1526 
5 15 13 6 1 1877 
7 15 13 6 2 1938 2910 
9 15 13 6 3 407 1529 3064 
3 16 13 3 1 1516 
11 16 13 3 1 2398 
13 16 13 4 3 1067 1913 2603 
12 -10 14 3 1 1964 
9 7 14 5 1 1945 
1 16 14 4 1 14 
2 16 14 5 1 3029 
11 16 14 3 1 1376 
11 -16 15 3 1 886 
15 -16 15 3 1 4 
-15 -15 15 6 2 903 2439 
-13 -15 15 6 2 904 2440 
-11 -15 15 6 2 1335 2871 
-5 -15 15 7 4 640 913 2176 2449 
16 -15 15 3 2 822 883 
-9 -13 15 6 2 902 2438 
-5 -13 15 6 2 914 2450 
-1 -13 15 7 2 641 2177 
16 -13 15 4 4 237 884 1540 2420 
-13 -11 15 6 2 1363 2899 
-9 -11 15 6 1 898 
-7 -11 15 6 2 1359 2895 
1 -11 15 8 8 637 823 1119 1371 2173 2355 2655 2907 
11 -11 15 6 2 816 1521 
11 -10 15 4 1 1774 
-16 -9 15 3 1 1593 
-13 -9 15 7 5 183 649 1719 2034 2900 
-11 -9 15 6 2 212 1748 
-7 -9 15 6 2 58 1594 
-5 -9 15 6 2 1361 2897 
-3 -9 15 8 2 638 2174 
-1 -9 15 8 2 908 2444 
3 -9 15 8 4 48 138 1584 1674 
5 -9 15 6 2 1290 2826 
7 -9 15 6 2 81 1617 
11 -9 15 7 3 369 1905 3057 
-9 -8 15 4 1 2435 
9 -7 15 6 2 525 2061 
-13 -5 15 6 2 500 2036 
-3 -5 15 7 1 2186 
3 -5 15 7 2 336 1872 
-13 -3 15 7 1 1498 
-3 -3 15 10 6 147 646 1506 1683 2182 3042 
-1 -3 15 10 6 9 1092 1488 1545 2628 3024 
9 -3 15 7 3 75 426 1962 
-15 -1 15 7 2 984 2520 
-9 -1 15 8 5 66 647 1602 2030 2183 
5 -1 15 6 2 1979 2706 
-7 1 15 9 7 78 471 613 1614 1974 2007 2149 
1 1 15 8 2 365 1980 
-9 3 15 8 2 435 1971 
-5 3 15 10 10 354 363 366 614 1157 1299 1890 2150 2693 2835 
1 3 15 7 1 15 
3 3 15 7 1 443 
8 3 15 4 1 1761 
-3 5 15 7 2 610 2146 
-1 5 15 7 1 2808 
11 5 15 5 1 1378 
15 5 15 4 1 1272 
-3 7 15 8 2 611 2147 
-1 7 15 8 2 87 2810 
-9 9 15 6 2 622 2158 
-15 11 15 4 1 1908 
-9 11 15 6 1 623 
9 11 15 4 1 1758 
15 11 15 3 1 375 
10 12 15 4 1 2844 
-16 13 15 4 2 619 3060 
-1 13 15 6 1 339 
13 13 15 4 3 861 2397 2602 
15 13 15 2 1 862 
-15 15 15 7 6 3 5 620 1539 1541 2156 
4 15 15 3 1 1982 
9 15 15 4 1 53 
-13 16 15 3 3 1518 3054 3062 
11 16 15 3 1 2912 
13 16 15 3 1 1760 
15 16 15 3 2 1065 1538 
15 -15 16 2 1 2358 
11 -13 16 4 2 1389 2925 
11 -11 16 3 1 1773 
16 -11 16 2 1 880 
15 3 16 3 1 1656 
16 7 16 2 1 2390 
16 8 16 2 1 1623 
2 12 16 6 5 6 618 1542 2054 3051 
15 15 16 3 1 863 
-11 16 16 2 2 1902 1910 
16 9 17 2 1 865 
9 6 19 3 2 408 1944 
