# Accumulation extracted from the extractAccOrigins tools of CDVAM.
# Format X Y Z AccVal ConfScore FaceId1 FaceId2 ....
-4 6 -11 32 1 1875 
4 6 -11 32 1 409 
-3 6 -10 56 41 1861 1862 1863 1864 1866 1867 1868 1872 1873 1874 1876 2256 2257 2258 2259 2263 2353 2355 2356 2372 2373 4786 4789 4790 4794 4795 4798 4799 4800 4801 4802 4803 4807 5184 5185 5186 5187 5191 5280 5287 5300 
-2 6 -10 29 4 2378 2379 5182 5183 
2 6 -10 27 1 3719 
3 6 -10 55 39 388 389 391 400 401 403 406 408 410 411 415 800 801 802 803 895 897 899 910 911 3316 3319 3322 3330 3331 3334 3336 3337 3338 3339 3343 3727 3728 3729 3730 3731 3823 3825 3837 
4 6 -10 30 1 797 
-3 7 -10 42 13 1856 1869 1871 2352 2357 2368 2375 4020 5190 5298 5299 5302 5303 
-2 7 -10 45 20 1852 1853 1858 1859 1877 2341 2362 4778 4780 4782 4783 4787 4791 5194 5195 5269 5294 5295 5306 5307 
2 7 -10 46 24 392 393 398 399 407 878 888 902 2381 3314 3318 3323 3325 3326 3327 3329 3722 3723 3805 3830 3831 3834 3835 4793 
3 7 -10 44 15 395 413 414 796 894 898 909 915 3342 3726 3838 3839 3842 3843 5488 
0 9 -10 40 5 387 993 2451 3921 5377 
-3 6 -9 35 4 2262 2374 5301 5457 
-1 6 -9 25 1 2255 
0 6 -9 37 10 402 794 1865 2264 3335 3717 3833 4806 5181 5305 
1 6 -9 24 1 789 
2 6 -9 28 3 904 905 3718 
3 6 -9 33 3 908 3836 3993 
-3 7 -9 35 1 4797 
-2 7 -9 45 25 1850 1851 1855 1860 1870 2041 2046 2336 2340 2342 2343 2346 2348 2354 2365 3328 3520 4779 4781 4788 5268 5270 5271 5281 5290 
-1 7 -9 33 1 2265 
2 7 -9 46 25 384 385 390 397 412 578 592 872 876 877 879 882 887 896 903 3315 3317 3324 3804 3806 3807 3819 3824 4792 4973 
3 7 -9 36 1 3341 
-2 8 -9 34 1 2266 
-1 8 -9 40 20 1848 2345 2347 2349 2500 3300 3505 4772 4777 4796 5192 5262 5263 5266 5267 5272 5274 5275 5276 5429 
1 8 -9 39 17 873 875 886 1038 3313 3340 3720 3798 3799 3800 3802 3803 3810 3811 3812 3965 4969 
2 8 -9 37 2 792 793 
0 9 -9 50 16 374 386 396 868 869 874 1845 1849 1854 2334 2335 2344 3721 3801 5193 5273 
0 11 -9 50 6 394 883 1857 2337 4015 5479 
-3 7 -8 24 2 2261 5188 
-2 7 -8 26 3 2047 3521 4972 
1 7 -8 25 2 579 2040 
2 7 -8 25 1 593 
3 7 -8 24 2 799 3724 
0 8 -8 28 2 3301 4773 
2 8 -8 21 1 798 
0 9 -8 50 10 368 375 1834 1844 3296 3312 3864 4761 4776 5328 
0 10 -8 52 26 576 577 870 871 880 881 938 2042 2043 2332 2333 2338 2339 2400 3320 3321 3796 3808 3809 3813 4784 4785 5260 5264 5265 5277 
-1 11 -8 36 1 945 
0 11 -8 46 4 939 944 2401 2406 
1 11 -8 36 1 2407 
-4 12 -8 21 2 4989 5472 
-2 12 -8 23 1 2073 
2 12 -8 23 1 603 
4 12 -8 21 2 3525 3996 
-1 8 -7 32 1 4974 
0 8 -7 43 8 595 2045 3504 3507 3963 4968 4971 5434 
1 8 -7 28 1 3523 
0 9 -7 62 26 369 372 373 924 931 1108 1109 1835 1846 1847 2389 2395 2586 2587 3302 3303 3332 3333 3506 3797 4774 4775 4804 4805 4970 5261 
0 10 -7 59 6 582 2056 3299 3511 4762 4987 
-3 11 -7 26 3 2072 2240 5171 
-1 11 -7 39 1 947 
0 11 -7 49 6 583 2057 3866 3875 5330 5334 
1 11 -7 41 1 2405 
3 11 -7 26 3 602 786 3715 
-1 12 -7 61 29 2248 2350 2359 2360 2410 2411 2450 2604 2605 2610 2611 4022 4984 5279 5282 5331 5332 5333 5339 5376 5380 5381 5417 5476 5477 5484 5485 5528 5529 
0 12 -7 61 14 885 946 1084 1085 1130 2351 2404 2550 2551 2601 3874 4014 5335 5478 
1 12 -7 61 29 778 884 890 892 940 941 992 1142 1143 1152 1153 3508 3815 3827 3867 3871 3872 3873 3916 3917 3920 3945 4012 4013 4024 4025 4056 4057 5490 
-2 13 -7 32 3 2245 5175 5480 
-1 13 -7 51 8 2358 2449 2454 2455 2506 2548 2549 2558 
1 13 -7 51 8 893 988 989 995 1032 1086 1087 1096 
2 13 -7 32 3 783 3710 4028 
-2 14 -7 62 33 2244 2251 2444 2445 2448 2452 2453 2490 2552 2553 2554 2559 2578 2579 2580 2619 5001 5278 5283 5374 5378 5379 5382 5383 5481 5505 5506 5507 5511 5534 5535 5546 5547 
2 14 -7 62 33 776 782 982 983 990 991 994 1016 1097 1100 1102 1103 1114 1116 1117 1145 3529 3814 3826 3910 3918 3919 3922 3923 4029 4043 4045 4046 4047 4070 4071 4074 4075 
-3 17 -7 28 4 2460 2461 5390 5391 
3 17 -7 28 4 998 999 3926 3927 
2 3 -6 23 1 2211 
-2 4 -6 38 3 2252 2253 5422 
-1 4 -6 25 2 752 5180 
1 4 -6 26 2 2210 3716 
2 4 -6 38 3 790 791 3958 
-1 5 -6 31 1 5189 
1 5 -6 31 2 795 3725 
-1 6 -6 35 1 5304 
1 6 -6 35 1 3832 
-1 7 -6 36 2 2267 2376 
1 7 -6 36 1 906 
-1 8 -6 57 6 404 405 2366 3284 4975 5431 
0 8 -6 70 21 588 594 760 761 766 917 1039 2044 2050 2228 2234 2235 2383 2501 3297 3689 3855 4760 5161 5309 5323 
1 8 -6 57 6 900 1878 1879 3522 3967 4756 
-2 9 -6 26 4 2236 2243 5168 5169 
-1 9 -6 40 2 2237 5165 
0 9 -6 108 40 370 378 758 759 767 769 901 919 997 1012 1019 1028 1115 1832 1840 2220 2221 2227 2229 2367 2380 2463 2478 2489 2495 2581 3298 3518 3688 3700 3829 3844 3845 4076 4763 4978 5160 5164 5293 5540 
1 9 -6 41 2 775 3701 
2 9 -6 27 4 774 784 3712 3713 
-2 10 -6 47 8 934 935 2364 2370 2371 3697 3863 5296 
-1 10 -6 61 10 929 932 933 2388 2394 2488 2602 3860 5292 5297 
0 10 -6 141 128 756 757 762 763 764 768 770 926 996 1002 1003 1013 1104 1106 1110 1112 1126 1129 1134 1135 1136 1137 1138 2222 2223 2224 2226 2230 2232 2233 2393 2462 2472 2473 2479 2568 2571 2582 2584 2588 2592 2594 2595 2596 2597 2603 3306 3310 3510 3514 3684 3685 3686 3687 3690 3691 3694 3695 3696 3698 3699 3817 3893 3924 3925 3928 3929 3940 3941 4032 4033 4034 4036 4037 4038 4039 4040 4041 4042 4059 4060 4062 4063 4064 4065 4066 4067 4766 4770 4982 4986 5148 5149 5150 5151 5152 5154 5155 5158 5159 5162 5163 5289 5356 5388 5389 5400 5401 5404 5405 5496 5497 5498 5508 5509 5510 5512 5513 5514 5515 5520 5521 5522 5523 5524 5526 5527 5531 
1 10 -6 61 10 925 930 1018 1128 2386 2387 2391 3828 3841 5312 
2 10 -6 46 6 912 913 2384 3840 5153 5315 
-2 11 -6 32 5 585 2409 4023 5167 5170 
-1 11 -6 59 15 377 928 1088 1094 2238 2363 3861 5166 5285 5288 5291 5316 5317 5320 5321 
0 11 -6 133 50 773 891 1105 1107 1111 1113 1132 1133 1139 1141 1147 1150 1151 2239 2361 2569 2570 2583 2585 2593 2598 2599 2607 2612 2613 2616 3865 3870 3896 4035 4054 4061 4069 4072 4073 4078 4079 4082 5329 5338 5368 5499 5518 5525 5532 5538 5542 5543 5544 5545 
1 11 -6 55 12 772 889 1843 2390 2561 2566 3703 3816 3852 3853 3856 3857 
2 11 -6 33 6 943 2055 3702 3714 5313 5491 
-2 12 -6 29 9 1092 1093 2247 2403 5173 5174 5178 5337 5504 
-1 12 -6 59 11 1095 1098 4016 4018 4019 4021 5179 5284 5286 5336 5416 
0 12 -6 132 55 580 581 779 964 965 966 970 971 1033 1090 1121 1124 1125 1127 1140 1144 1146 2058 2059 2249 2428 2430 2431 2440 2441 2507 2565 2575 2589 2590 2591 2606 2617 2618 3509 3897 3961 4017 4052 4053 4055 4058 4068 4083 4985 5369 5433 5492 5493 5516 5517 5519 5530 5533 5539 
1 12 -6 59 12 2556 2560 3707 3818 3820 3821 3822 3868 3944 5489 5494 5495 
2 12 -6 29 7 781 937 2562 2563 3706 3708 3711 
-2 13 -6 28 1 5172 
-1 13 -6 49 2 2572 5177 
0 13 -6 108 20 1035 1089 1091 1099 1120 1131 2505 2557 2564 2567 2574 2600 4026 4049 4051 4080 5486 5500 5502 5536 
1 13 -6 49 2 1122 3705 
2 13 -6 28 1 3709 
-3 14 -6 21 1 5402 
-1 14 -6 47 5 2250 2573 3513 5358 5483 
0 14 -6 43 6 3704 4027 4048 5176 5487 5501 
1 14 -6 47 5 777 1123 3894 4031 4981 
3 14 -6 21 1 3930 
-2 15 -6 31 11 2474 2475 2477 2491 2555 5000 5403 5407 5418 5419 5482 
2 15 -6 31 11 1000 1001 1015 1017 1101 3528 3931 3943 3946 3947 4030 
-3 17 -6 57 51 2102 2432 2433 2436 2437 2438 2439 2446 2447 2456 2457 2464 2465 2466 2467 2468 2469 2470 2471 2483 2485 2487 2620 2626 2637 2642 2668 2669 2674 5364 5365 5366 5367 5384 5385 5392 5393 5394 5395 5396 5397 5398 5399 5409 5412 5413 5548 5553 5568 5596 5597 
3 17 -6 57 51 636 972 973 974 975 978 979 980 981 986 987 1004 1005 1006 1007 1008 1009 1010 1011 1020 1023 1025 1158 1169 1174 1184 1206 1207 1216 3900 3901 3902 3903 3912 3913 3932 3933 3934 3935 3936 3937 3938 3939 3948 3949 3953 4084 4097 4112 4132 4133 
-4 18 -6 45 20 2071 2074 2622 2625 2630 2632 2643 2654 2655 2664 5550 5551 5554 5555 5558 5562 5569 5582 5583 5594 
-3 18 -6 44 18 2621 2623 2627 2636 2652 2672 2673 2675 5549 5564 5565 5580 5581 5584 5600 5601 5602 5603 
3 18 -6 44 18 1157 1159 1168 1175 1190 1217 1218 1219 4085 4100 4101 4116 4117 4128 4144 4145 4146 4147 
4 18 -6 46 21 600 605 607 1156 1162 1164 1171 1185 1188 1189 1194 4086 4087 4090 4094 4098 4099 4113 4118 4119 4122 
-4 19 -6 75 71 2103 2412 2413 2414 2415 2416 2417 2418 2419 2420 2423 2424 2425 2426 2427 2628 2629 2631 2633 2634 2635 2644 2645 2647 2648 2649 2650 2651 2663 2666 2667 2676 2677 2681 2682 2683 4096 5340 5341 5342 5343 5344 5345 5346 5347 5348 5351 5352 5353 5354 5355 5556 5557 5559 5560 5561 5563 5572 5573 5575 5576 5577 5579 5592 5593 5595 5604 5607 5608 5609 5610 
-3 19 -6 35 5 2665 2678 2679 5605 5606 
3 19 -6 36 5 1195 1212 1213 4140 4142 
4 19 -6 75 71 637 948 949 950 951 952 953 954 955 957 958 960 961 962 963 1160 1161 1163 1165 1166 1167 1176 1177 1178 1179 1181 1182 1183 1192 1193 1197 1208 1209 1211 1214 1215 3876 3877 3878 3879 3880 3881 3882 3883 3885 3886 3888 3889 3890 3891 4088 4089 4091 4092 4093 4095 4104 4105 4107 4108 4109 4110 4120 4121 4123 4136 4137 4139 4141 4143 5552 
0 7 -5 24 2 356 1830 
0 8 -5 58 14 589 863 907 923 2051 2325 2377 2397 3692 3851 4077 5156 5327 5541 
-2 9 -5 25 1 5421 
-1 9 -5 37 6 381 2369 2614 3308 3693 3789 
0 9 -5 68 42 371 379 380 590 857 862 916 918 921 922 1833 1838 1841 2048 2324 2331 2382 2396 2399 3311 3516 3519 3788 3846 3847 3849 3850 3854 3858 3862 4767 4976 4979 5252 5308 5310 5311 5314 5318 5322 5325 5326 
1 9 -5 37 6 914 1149 1839 4764 5157 5253 
2 9 -5 25 1 3957 
0 10 -5 91 38 376 382 584 632 633 765 771 856 927 936 1118 1119 1836 1842 2054 2106 2107 2225 2231 2330 2392 2402 2576 2577 3304 3307 3784 3785 3859 3892 4050 4768 4771 5256 5257 5319 5357 5503 
-2 11 -5 28 1 2241 
1 11 -5 31 4 3515 3869 4044 4983 
2 11 -5 27 1 787 
-4 12 -5 22 5 2062 2063 2509 5428 5437 
-1 12 -5 29 5 586 2052 2053 3512 4980 
2 12 -5 28 2 587 2385 
4 12 -5 22 5 596 597 1047 3964 3973 
-6 13 -5 24 6 2060 2061 4990 4991 5002 5003 
0 13 -5 30 2 967 2429 
6 13 -5 24 6 598 599 3526 3527 3530 3531 
-8 14 -5 30 26 2067 2092 2099 2516 2520 2521 2522 2523 2537 2538 2539 2540 2543 4992 4993 5029 5033 5448 5449 5451 5465 5466 5467 5468 5470 5471 
-7 14 -5 26 12 2064 2517 2519 2541 4995 4998 5445 5446 5447 5450 5454 5455 
-6 14 -5 28 21 2510 2512 2513 2518 2524 2525 2546 2547 4999 5006 5018 5019 5424 5438 5439 5442 5443 5452 5453 5460 5461 
-5 14 -5 22 4 2544 5436 5441 5473 
-3 14 -5 25 3 2088 2089 2476 
0 14 -5 44 12 968 969 1034 2442 2443 2504 3895 3898 3899 5359 5370 5371 
3 14 -5 25 3 618 619 1014 
5 14 -5 22 4 1070 3972 3989 3997 
6 14 -5 28 21 1044 1050 1051 1056 1062 1063 1068 1069 3535 3542 3546 3547 3968 3974 3975 3976 3977 3990 3991 4008 4009 
7 14 -5 26 12 611 1057 1059 1075 3534 3539 3978 3979 3982 3984 3986 3987 
8 14 -5 30 26 609 630 641 1052 1053 1054 1055 1058 1073 1074 1076 1077 1079 3536 3537 3561 3564 3980 3981 3983 4001 4002 4003 4004 4006 4007 
-8 15 -5 23 3 2065 2661 5028 
-7 15 -5 26 10 2100 2101 2104 2526 2527 2532 2533 5020 5444 5462 
-6 15 -5 24 2 2068 2091 
-5 15 -5 24 17 2075 2090 2492 2493 2496 2497 2498 2499 2502 2511 2528 2529 2531 2534 5425 5427 5458 
-4 15 -5 22 6 2530 2545 5420 5423 5426 5456 
-3 15 -5 23 2 5016 5017 
3 15 -5 23 2 3544 3545 
4 15 -5 22 4 1064 1071 3956 3992 
5 15 -5 24 17 601 616 1030 1031 1036 1040 1041 1042 1043 1045 1065 1066 1067 1080 3969 3971 3994 
6 15 -5 24 1 617 
7 15 -5 26 10 634 638 639 1048 1049 1082 1083 3556 3985 4010 
8 15 -5 23 3 610 1199 3565 
-4 16 -5 28 1 5430 
-3 16 -5 33 9 2434 2435 2482 5375 5386 5387 5410 5411 5432 
3 16 -5 33 9 976 977 1024 3911 3914 3915 3954 3955 3960 
4 16 -5 28 1 3966 
5 16 -5 22 2 3959 3970 
-4 17 -5 34 8 2480 2481 2658 2659 5360 5372 5373 5585 
-3 17 -5 31 7 2458 2459 2484 2486 5361 5414 5415 
-2 17 -5 30 2 5363 5406 
2 17 -5 30 2 3907 3942 
3 17 -5 31 7 984 985 1021 1022 3905 3950 3951 
4 17 -5 35 8 1026 1027 1200 1201 3904 3908 3909 4129 
-4 18 -5 49 32 2421 2422 2624 2638 2639 2640 2641 2646 2656 2657 2660 2662 2670 2671 2680 5349 5350 5566 5567 5570 5571 5574 5578 5586 5587 5588 5589 5590 5591 5598 5599 5611 
-3 18 -5 33 2 2653 5005 
3 18 -5 33 2 1191 3541 
4 18 -5 49 32 956 959 1170 1172 1173 1180 1186 1187 1196 1198 1202 1203 1204 1205 1210 3884 3887 4102 4103 4106 4111 4114 4115 4124 4125 4126 4127 4130 4131 4134 4135 4138 
0 8 -4 36 4 1148 2615 3309 4765 
0 9 -4 41 8 591 920 2049 2398 3517 3848 4977 5324 
0 10 -4 52 14 383 1029 1154 1155 1837 2494 2608 2609 3305 3962 4081 4769 5435 5537 
-7 15 -4 24 3 2095 5022 5024 
-6 15 -4 32 9 2076 2094 3906 5012 5013 5021 5035 5474 5475 
6 15 -4 31 9 615 629 3548 3549 3557 3562 3998 3999 5362 
7 15 -4 25 3 628 3558 3569 
-6 16 -4 37 32 2069 2077 2080 2081 2082 2083 2084 2085 2086 2087 2093 2096 2097 2098 2535 4996 4997 5007 5008 5009 5010 5011 5014 5015 5023 5025 5026 5030 5031 5408 5459 5463 
-5 16 -4 23 1 2503 
5 16 -4 23 1 1037 
6 16 -4 37 32 606 614 620 621 622 623 624 625 626 627 631 640 642 643 1081 3532 3533 3543 3550 3551 3552 3553 3554 3555 3559 3566 3567 3568 3571 3952 3995 4011 
0 5 -3 22 9 359 753 1829 3286 3787 3791 4758 5255 5259 
0 6 -3 24 14 858 859 860 2326 2328 2329 3288 3680 3786 3790 4752 5136 5254 5258 
0 10 -3 32 2 942 2408 
0 0 -1 24 6 788 2254 3772 3773 5236 5237 
0 1 -1 24 16 740 741 840 841 846 847 2206 2207 2308 2309 2314 2315 3670 3671 5134 5135 
0 2 -1 32 24 14 15 855 865 1468 1469 2316 2323 3280 3281 3682 3683 3780 3781 3792 3793 4744 4745 5138 5139 5244 5245 5248 5249 
-5 -12 0 33 20 1881 1886 1890 1985 1987 1990 2001 2039 4808 4809 4811 4813 4815 4913 4915 4928 4929 4962 4964 4967 
5 -12 0 33 22 419 422 424 428 516 521 523 539 549 565 3344 3345 3347 3356 3359 3448 3450 3464 3465 3493 3494 3498 
-5 -13 1 36 20 1884 1891 1892 1893 1894 1991 1997 2002 2022 2033 2035 2038 4812 4816 4924 4948 4949 4961 4963 4965 
5 -13 1 32 15 420 423 425 517 536 543 564 569 571 3353 3357 3469 3492 3496 3499 
-5 -12 1 43 40 1880 1885 1887 1888 1889 1895 1984 1989 1996 1999 2003 2017 2019 2020 2021 2023 2028 2034 2037 4810 4814 4818 4819 4820 4822 4823 4912 4916 4917 4919 4925 4927 4930 4945 4946 4947 4950 4951 4959 4966 
5 -12 1 46 43 416 418 421 426 427 429 430 431 519 522 537 541 542 548 550 551 553 555 567 568 575 3346 3349 3350 3351 3354 3355 3358 3444 3445 3447 3449 3467 3468 3471 3477 3478 3479 3480 3482 3483 3495 3502 
-5 -11 1 25 15 1988 1993 2000 2010 2011 2012 2018 2027 2029 4918 4931 4938 4939 4942 4954 
5 -11 1 25 15 518 531 538 544 545 552 559 560 574 3446 3466 3474 3475 3486 3490 
0 -7 1 26 10 82 83 92 93 1544 1545 1550 1551 3440 4904 
0 -2 1 58 12 746 747 2216 2217 2941 3674 3675 3778 4397 5146 5147 5235 
0 -1 1 24 4 3678 3679 5142 5143 
0 -7 2 36 2 3021 4477 
0 -6 2 46 11 417 1882 1883 3010 3011 3022 3023 4474 4475 4478 4479 
0 -5 2 40 8 3014 3015 3018 3019 4482 4483 4486 4487 
0 -2 2 70 14 744 745 750 751 2212 2213 2218 2219 2940 3672 3673 4396 5144 5145 
0 -8 3 24 4 3009 3453 4472 4909 
0 -7 3 40 2 3008 4473 
0 -6 3 46 4 80 81 1546 1547 
0 -5 3 58 12 86 87 89 94 95 1548 1549 1555 1556 1557 3028 4500 
-1 -4 3 35 3 85 4428 4429 
0 -4 3 76 16 84 88 90 91 646 1552 1553 1554 1559 2108 3012 3013 3017 4480 4484 4485 
1 -4 3 35 3 1558 2972 2973 
0 -3 3 98 84 48 128 129 130 131 134 136 137 140 141 142 143 336 342 343 647 656 657 695 696 697 738 1254 1515 1592 1593 1594 1595 1596 1597 1598 1599 1602 1603 1604 1802 1812 1813 2109 2114 2115 2157 2170 2171 2192 2717 2977 3056 3057 3058 3059 3067 3068 3069 3070 3071 3268 3572 3573 3580 3626 3627 3664 3665 4180 4441 4520 4521 4522 4523 4524 4525 4526 4527 4531 4740 5036 5037 5045 5098 5099 5120 5121 5644 
1 -3 3 59 1 645 
-1 -2 3 55 2 3676 3677 
1 -2 3 55 2 5140 5141 
0 -1 3 94 58 306 307 318 319 340 341 346 822 825 831 837 838 839 1768 1769 1772 1773 1808 1814 1815 2284 2292 2299 2300 2301 2303 2969 2989 3234 3246 3247 3270 3274 3749 3751 3753 3756 3757 3764 3765 3767 3779 4432 4444 4698 4702 4703 4739 4742 5213 5215 5220 5221 5225 5228 5229 5231 5234 
-1 1 3 24 2 310 311 
1 1 3 22 2 1780 1781 
-5 -4 4 33 1 4436 
-4 -4 4 40 5 100 101 106 4481 4496 
4 -4 4 40 5 1569 1574 1575 3016 3032 
5 -4 4 33 1 2964 
-4 -3 4 35 2 3140 4439 
-3 -3 4 39 1 5657 
-2 -3 4 63 5 238 282 1511 2731 5216 
-1 -3 4 97 43 56 60 61 277 316 317 338 339 692 693 698 699 739 1500 1501 1506 1526 1527 2116 2122 2123 2162 2163 2190 2728 2729 3063 3245 3267 3269 3622 3623 4434 4455 5039 5042 5046 5047 5050 5051 5119 5658 5659 
0 -3 4 124 108 49 50 51 54 55 59 121 127 132 133 135 138 139 337 650 652 653 658 659 694 725 732 1264 1265 1512 1513 1514 1520 1524 1525 1581 1587 1600 1601 1605 1606 1607 1803 2112 2113 2118 2119 2121 2156 2191 2198 2722 2723 2976 2978 2979 2980 2981 2983 2986 2987 2991 3049 3052 3060 3061 3062 3064 3065 3066 3204 3244 3264 3265 3576 3581 3585 3587 3621 3652 3655 3666 4195 4440 4442 4443 4446 4450 4451 4452 4453 4454 4508 4513 4528 4529 4530 4532 4533 4534 4676 4701 4728 4729 5041 5043 5044 5048 5084 5117 5118 5122 5650 
1 -3 4 97 43 40 46 47 52 53 648 649 654 704 705 724 1258 1259 1518 1519 1523 1750 1774 1775 1800 1801 2158 2159 2168 2169 2193 2971 2982 3574 3578 3579 3582 3583 3586 3654 4186 4187 4535 4700 4730 4741 5086 5087 
2 -3 4 63 5 36 1257 1692 1744 3760 
3 -3 4 39 1 4185 
4 -3 4 35 2 2967 4612 
-3 -2 4 30 2 2988 3232 
-2 -2 4 30 1 845 
-1 -2 4 77 10 63 232 849 850 851 1505 1507 3271 3624 3777 
0 -2 4 84 20 57 58 62 848 1516 1521 1522 2306 2968 2984 2985 2990 3266 3776 4433 4447 4448 4449 4731 5233 
1 -2 4 77 10 41 43 1517 1699 2304 2305 2307 4743 5096 5232 
2 -2 4 30 1 2310 
3 -2 4 29 2 4445 4696 
-3 -1 4 37 6 304 305 1510 3233 3237 3775 
-2 -1 4 37 4 2164 5090 5094 5095 
-1 -1 4 82 12 233 347 844 1806 1807 2189 2288 3235 3620 3625 3766 5123 
1 -1 4 81 12 348 349 727 834 1698 1809 2311 3667 4699 5085 5097 5230 
2 -1 4 38 4 702 3630 3631 3634 
3 -1 4 38 6 37 1770 1771 4697 4709 5239 
-2 0 4 32 2 3770 3774 
-1 0 4 88 46 208 209 210 214 215 216 217 220 223 234 235 308 314 821 823 842 843 1504 2117 2120 2165 2188 2194 2195 2289 2290 2291 3136 3139 3142 3143 3146 3147 3151 3156 3238 3241 3748 3771 4734 4735 4738 5038 5049 5091 5116 
0 0 4 107 101 212 213 218 219 309 312 313 315 344 345 350 351 644 820 824 826 827 828 829 830 836 1252 1253 1255 1680 1681 1686 1687 1777 1778 1779 1783 1804 1805 1810 1811 2110 2286 2293 2294 2295 2296 2297 2298 2302 2716 2718 2719 3137 3144 3145 3148 3160 3161 3239 3240 3242 3243 3272 3273 3276 3277 3584 3750 3752 3754 3755 3758 3759 3762 3763 4181 4182 4183 4601 4604 4608 4609 4624 4625 4704 4705 4706 4707 4711 4732 4733 4736 4737 5040 5214 5218 5219 5222 5223 5224 5226 5227 5645 5646 5647 
1 0 4 89 45 42 651 655 703 726 736 737 832 833 835 1673 1674 1675 1677 1678 1682 1683 1684 1685 1696 1697 1776 1782 2285 2287 2312 2313 3275 3278 3279 3575 3577 3635 3653 4600 4603 4607 4610 4611 4614 4615 4629 4710 5212 5243 
2 0 4 31 2 5238 5242 
-1 1 4 59 5 2111 3138 3150 3236 4613 
0 1 4 74 6 211 221 1672 1679 3149 4605 
1 1 4 58 4 3141 4602 4606 4708 
-1 2 4 41 2 3768 3769 
1 2 4 41 2 5240 5241 
-4 -4 5 39 4 1472 1570 4403 4497 
-3 -4 5 39 7 104 107 2733 3030 3031 3035 5661 
3 -4 5 39 7 1271 1568 1571 4197 4499 4502 4503 
4 -4 5 39 4 10 105 2939 3033 
-2 -3 5 39 2 2730 3211 
-1 -3 5 52 9 102 125 239 2725 3054 3210 5126 5130 5655 
0 -3 5 60 32 120 123 124 126 276 278 730 733 1580 1582 1585 1586 1749 1751 2199 2200 3029 3048 3051 3053 3055 3205 3207 3663 4501 4509 4511 4512 4515 4677 4679 5127 
1 -3 5 51 9 1263 1572 1583 1693 3658 3662 4191 4510 4675 
2 -3 5 39 2 1256 4674 
-3 -2 5 29 1 4402 
0 -1 5 42 2 283 1745 
-1 0 5 45 5 12 3159 4398 4672 4673 
0 0 5 52 6 231 1701 3157 3162 4626 4628 
1 0 5 45 5 1470 2942 3208 3209 4630 
-1 1 5 44 1 4399 
0 1 5 62 12 222 228 229 1676 1702 1703 3163 4190 4194 4627 5651 5654 
1 1 5 44 1 2943 
-4 -4 6 28 2 3039 4437 
-3 -4 6 41 20 110 111 115 116 117 273 286 287 1473 1584 2734 3026 3034 3038 3042 3046 3214 3215 4426 4438 
3 -4 6 41 20 11 122 1268 1564 1565 1577 1590 1591 1739 1740 1741 2963 2966 4490 4495 4498 4506 4518 4670 4671 
4 -4 6 28 3 2938 2965 4494 
-1 -3 6 33 1 103 
0 -3 6 43 16 114 272 279 1576 1738 1748 3043 3047 3050 3203 3206 4507 4514 4519 4666 4678 
1 -3 6 32 1 1573 
0 -1 6 44 10 230 280 281 1700 1746 1747 3659 4193 5131 5648 
0 0 6 46 10 13 1267 1471 2721 3158 3166 4192 4623 4631 5649 
-4 -5 7 30 3 3036 4406 4407 
4 -5 7 30 3 2934 2935 4493 
-3 -4 7 35 9 99 109 118 1478 3027 3037 3044 3202 4150 
-2 -4 7 33 2 45 4162 
0 -4 7 36 6 96 97 1562 1563 3045 4517 
2 -4 7 33 2 1503 5618 
3 -4 7 35 9 4 1560 1567 1588 4491 4492 4516 4667 5614 
0 -1 7 46 18 2 224 225 1260 1261 1266 1269 1464 1690 1691 2720 2726 2727 2735 3155 4189 4619 5653 
0 0 7 44 6 731 2201 3154 3167 4618 4622 
-1 1 7 35 2 2732 2739 
1 1 7 34 2 1270 1281 
-1 2 7 38 2 1398 2724 
1 2 7 38 2 1262 2853 
-1 -5 8 29 2 35 1566 
1 -5 8 29 2 108 1496 
-3 -4 8 33 1 98 
-1 -4 8 32 1 1232 
0 -4 8 32 2 3025 4489 
1 -4 8 32 1 2690 
3 -4 8 33 1 1561 
-1 -3 8 38 2 1589 3024 
0 -3 8 67 22 112 113 274 275 284 1578 1579 1736 1737 1743 3040 3041 3200 3201 4148 4198 4504 4505 4664 4665 5612 5662 
1 -3 8 37 2 119 4488 
0 -2 8 82 22 237 285 1293 1304 1305 1310 1695 1742 2758 2772 2778 2779 3152 3153 3212 3213 4232 4616 4617 4668 4669 5704 
-1 -1 8 37 3 2196 2202 5124 
0 -1 8 96 28 3 226 227 729 735 1280 1465 1688 1689 2197 2203 2738 3164 3165 3656 3657 3661 4209 4223 4233 4620 4621 5125 5128 5129 5665 5687 5705 
1 -1 8 37 3 728 734 3660 
-1 0 8 35 1 5663 
0 0 8 54 6 236 1274 1694 2744 4188 5652 
1 0 8 35 1 4199 
0 3 8 34 6 5 1479 2930 2931 4394 4395 
-2 -8 9 31 4 64 1528 2684 4459 
2 -8 9 31 4 66 1222 1531 2995 
-1 -7 9 31 1 4471 
0 -7 9 30 4 34 1497 2961 4425 
1 -7 9 31 1 2998 
-2 -6 9 30 2 44 4463 
-1 -6 9 45 1 4458 
0 -6 9 53 8 69 1223 1543 2685 4158 4163 5619 5622 
1 -6 9 45 1 2994 
2 -6 9 30 2 1502 3007 
-4 -5 9 25 2 1477 1487 
-1 -5 9 57 7 1233 1273 1278 4151 4154 4427 5616 
0 -5 9 78 30 192 193 198 199 1228 1234 1235 1279 1658 1659 1668 1669 2688 2689 2694 2741 2999 3124 3125 4159 4161 4202 4206 4470 4596 4597 5617 5623 5670 5674 
1 -5 9 57 7 2691 2740 2747 2962 4160 5615 5626 
4 -5 9 25 2 7 29 
-1 -4 9 38 1 2975 
0 -4 9 112 28 188 1229 1272 1276 1284 1290 1646 2695 2742 2746 2750 2760 3116 3117 3120 3121 3256 4156 4204 4219 4572 4573 4584 4585 4720 5620 5668 5690 
1 -4 9 38 1 4431 
0 -3 9 118 115 179 189 329 1220 1221 1230 1277 1282 1285 1286 1287 1288 1289 1291 1292 1294 1295 1296 1297 1298 1299 1306 1307 1308 1309 1641 1647 1794 2686 2687 2692 2736 2743 2748 2749 2751 2752 2753 2754 2755 2756 2757 2759 2761 2762 2763 2767 2774 2775 2776 2777 3104 3189 3600 4149 4157 4176 4200 4201 4203 4205 4207 4208 4210 4212 4213 4214 4215 4216 4217 4218 4220 4221 4222 4224 4225 4226 4227 4234 4235 4238 4239 4264 4568 4660 5056 5613 5621 5632 5664 5666 5669 5671 5672 5673 5675 5676 5677 5678 5679 5680 5681 5682 5683 5684 5685 5686 5688 5689 5691 5702 5703 5706 5707 5733 
0 -2 9 88 12 1275 1283 1311 2737 2745 2773 4211 4236 4237 5667 5700 5701 
0 -1 9 80 8 2928 2929 2944 2945 4392 4393 4408 4409 
-1 2 9 25 1 1476 
1 2 9 25 1 6 
0 3 9 38 16 0 1 18 19 1466 1467 1480 1481 2932 2933 2956 2957 4404 4405 4412 4413 
-2 -8 10 22 1 1529 
2 -8 10 22 1 67 
-2 -5 10 46 1 4466 
0 -5 10 48 12 196 197 1670 1671 3122 3123 3126 3127 4586 4587 4598 4599 
2 -5 10 46 1 3002 
-3 -4 10 33 1 1485 
0 -4 10 54 8 190 194 195 1644 1656 1657 3119 4575 
3 -4 10 33 1 31 
0 -3 10 97 24 178 328 334 335 1227 1231 1250 1640 1788 1789 1795 2693 2697 2705 3105 3106 3257 4155 4177 4569 4570 4721 5627 5633 
0 -2 10 116 89 256 257 262 263 662 663 672 673 816 817 1224 1244 1245 1248 1251 1300 1301 1302 1303 1312 1313 1314 1315 1339 1390 1722 1723 1732 1733 2124 2125 2130 2131 2274 2275 2698 2704 2706 2710 2711 2764 2765 2766 2768 2769 2770 2771 2805 2861 2974 3184 3185 3188 3260 3261 3588 3589 3601 3746 4172 4173 4228 4229 4230 4231 4240 4241 4242 4243 4430 4648 4649 4661 4716 4717 5052 5053 5057 5202 5636 5637 5692 5693 5694 5695 5696 5697 5698 5699 
0 -1 10 104 16 16 17 1246 1247 1249 1482 1483 2707 2708 2709 4174 4175 4178 5634 5638 5639 
0 0 10 55 2 2970 4435 
-1 1 10 22 1 4411 
1 1 10 23 1 2947 
-4 -6 11 26 2 4414 4415 
4 -6 11 25 2 2958 2959 
-3 -5 11 28 1 1484 
-1 -5 11 54 9 1536 1664 1898 1899 3130 3131 3134 3135 4268 
1 -5 11 54 9 75 203 432 433 4590 4591 4594 4595 5728 
3 -5 11 28 1 30 
0 -4 11 41 4 184 191 1645 1650 
-1 -3 11 41 2 2272 4723 
0 -3 11 58 22 176 177 330 331 333 1642 1643 1791 1792 1793 3107 3115 3118 3258 3262 3263 4571 4574 4578 4718 4719 4722 
1 -3 11 43 3 819 1663 3259 
-1 -2 11 33 1 2696 
0 -2 11 84 24 258 259 261 332 674 1240 1241 1720 1721 1735 1790 2129 2714 2715 3186 3187 3190 3603 4179 4650 4651 4663 5059 5635 
1 -2 11 32 1 1226 
-1 1 11 23 1 4410 
1 1 11 23 1 2946 
-5 -7 12 36 3 3084 3085 4423 
0 -7 12 24 2 70 1540 
5 -7 12 36 3 2950 4540 4541 
-4 -6 12 29 1 1499 
-3 -6 12 29 2 1498 4462 
3 -6 12 27 2 32 3006 
4 -6 12 29 1 33 
-3 -5 12 32 1 1491 
-1 -5 12 41 1 1369 
0 -5 12 44 4 202 1665 4297 5761 
1 -5 12 41 1 2834 
3 -5 12 33 1 25 
-1 -4 12 95 19 205 260 268 323 324 675 2699 3194 3199 3250 3251 3254 3255 3602 4269 4467 5630 5642 5643 
1 -4 12 96 24 185 204 1225 1651 1662 1726 1734 1784 1798 2128 3003 3112 4167 4170 4171 4577 4654 4658 4714 4715 4726 4727 5058 5729 
-2 -3 12 31 1 5207 
-1 -3 12 67 1 5624 
0 -3 12 72 12 182 183 325 1652 1653 1799 3110 3111 3114 4579 4582 4583 
1 -3 12 67 2 3000 4152 
2 -3 12 31 1 3743 
0 -2 12 82 12 660 661 2126 2127 3191 3590 3591 4168 4662 5054 5055 5640 
0 -1 12 64 4 22 23 1492 1493 
-4 -6 13 32 1 4460 
-1 -6 13 30 2 1541 4468 
1 -6 13 30 2 71 2997 
4 -6 13 32 1 3004 
-3 -5 13 54 11 165 201 206 207 1490 1533 3080 3081 4422 4592 4593 
-2 -5 13 51 4 1532 2701 3092 3093 
-1 -5 13 36 1 200 
0 -5 13 34 2 2996 4469 
1 -5 13 36 1 1667 
2 -5 13 50 4 79 1239 4564 4565 
3 -5 13 54 11 24 78 1639 1660 1661 1666 2951 3128 3129 4544 4545 
-2 -4 13 60 10 1538 1539 2187 2278 2700 2702 2703 3097 4332 4464 
-1 -4 13 121 19 289 327 1368 1374 1537 1542 2186 2273 2712 2713 2800 2801 2802 2806 3096 3133 4301 4576 5631 
0 -4 13 86 2 4169 5641 
1 -4 13 121 20 68 74 712 818 1242 1243 1336 1341 1342 1343 1754 1797 2835 2844 3001 3113 4166 4560 4589 5772 
2 -4 13 59 9 72 73 713 812 1236 1237 1238 4561 5804 
-3 -3 13 32 3 4418 4419 5205 
-1 -3 13 80 4 1649 5206 5731 5734 
0 -3 13 258 154 160 169 174 180 181 186 267 294 320 321 326 664 666 667 668 670 678 688 805 807 1317 1340 1346 1348 1349 1350 1351 1352 1353 1354 1355 1356 1358 1361 1362 1364 1366 1367 1370 1372 1381 1627 1628 1634 1648 1654 1655 1728 1764 1786 1787 1796 2132 2134 2136 2137 2138 2140 2146 2269 2271 2782 2796 2803 2812 2813 2814 2815 2816 2817 2819 2820 2823 2824 2826 2828 2829 2830 2831 2832 2839 2846 3088 3100 3109 3216 3228 3249 3252 3253 3592 3594 3595 3596 3598 3599 3604 3640 3641 3733 4270 4272 4276 4278 4280 4281 4282 4283 4284 4286 4287 4290 4293 4294 4295 4298 4303 4311 4552 4556 4581 4680 4685 4713 4724 4725 5061 5062 5063 5064 5066 5067 5068 5112 5113 5197 5724 5730 5741 5742 5745 5746 5747 5750 5752 5754 5755 5756 5757 5758 5759 5762 5767 5774 
1 -3 13 81 4 187 3742 4267 4271 
3 -3 13 32 3 2954 2955 3741 
0 -2 13 154 50 264 266 269 271 322 669 1328 1332 1338 1344 1389 1725 1727 1729 1731 1785 2135 2794 2798 2804 2811 2862 3108 3193 3195 3196 3197 3198 3248 3734 4258 4262 4263 4266 4274 4275 4580 4652 4653 4655 4657 4659 4712 5198 5722 5726 5727 5735 5738 5739 
0 -1 13 74 2 1335 2808 
-2 -4 14 30 2 2279 5114 
0 -4 14 30 1 164 
1 -4 14 31 5 170 171 1632 1633 1638 
2 -4 14 29 2 813 3642 
-1 -3 14 110 11 2807 4465 4826 5199 5200 5201 5203 5210 5211 5732 5788 
0 -3 14 248 125 162 166 167 168 172 240 241 242 288 290 291 292 293 295 296 297 298 299 300 301 302 303 714 806 1316 1322 1323 1359 1365 1371 1373 1375 1384 1624 1630 1635 1636 1637 1704 1706 1707 1752 1753 1755 1756 1757 1758 1759 1760 1761 1762 1763 1765 1766 1767 2184 2268 2783 2788 2789 2818 2825 2833 2845 2847 2850 3090 3094 3095 3098 3099 3102 3168 3169 3217 3218 3219 3220 3221 3222 3223 3224 3225 3226 3227 3229 3230 3231 4248 4249 4279 4285 4292 4299 4300 4302 4554 4558 4562 4563 4566 4567 4632 4633 4681 4682 4683 4684 4686 4687 4688 4689 4690 4691 4692 4693 4694 4695 5716 5717 5743 5744 5763 5773 5775 
1 -3 14 109 10 1337 3362 3735 3738 3739 3744 3745 3747 4265 4316 
-1 -2 14 75 4 2282 4380 4381 4827 
0 -2 14 317 275 161 163 173 175 243 244 245 246 247 248 249 250 251 252 253 254 255 265 270 665 671 676 677 679 680 681 682 683 684 685 686 687 689 690 691 708 709 715 804 810 811 1318 1319 1320 1321 1329 1330 1331 1333 1345 1347 1357 1360 1363 1376 1377 1378 1379 1380 1382 1383 1385 1386 1387 1388 1391 1394 1625 1626 1629 1631 1705 1708 1709 1710 1711 1712 1713 1714 1715 1716 1717 1718 1719 1724 1730 2133 2139 2141 2142 2143 2144 2145 2147 2148 2149 2150 2151 2152 2153 2154 2155 2174 2175 2185 2270 2280 2281 2780 2781 2790 2791 2792 2793 2795 2797 2799 2810 2821 2822 2827 2836 2837 2838 2840 2841 2842 2843 2848 2849 2851 2856 2860 2863 3089 3091 3101 3103 3170 3171 3172 3173 3174 3175 3176 3177 3178 3179 3180 3181 3182 3183 3192 3593 3597 3605 3606 3607 3608 3609 3610 3611 3612 3613 3614 3615 3616 3617 3618 3619 3636 3637 3732 3736 3737 4244 4245 4246 4247 4250 4251 4255 4256 4257 4273 4277 4288 4289 4291 4304 4305 4306 4307 4308 4309 4310 4312 4313 4314 4315 4317 4318 4319 4322 4553 4555 4557 4559 4634 4635 4636 4637 4638 4639 4640 4641 4642 4643 4644 4645 4646 4647 4656 5060 5065 5069 5070 5071 5072 5073 5074 5075 5076 5077 5078 5079 5080 5081 5082 5083 5100 5101 5196 5208 5209 5708 5709 5710 5711 5714 5718 5719 5720 5721 5725 5740 5748 5749 5751 5753 5764 5765 5766 5768 5769 5770 5771 5776 5777 5778 5779 5787 5789 5790 5791 
1 -2 14 75 4 808 3363 5852 5853 
0 -1 14 108 36 1324 1325 1326 1334 1393 1395 1396 1397 2784 2786 2787 2809 2854 2855 2857 2859 4252 4254 4259 4260 4261 4320 4321 4323 4326 4327 5712 5715 5723 5736 5737 5782 5783 5784 5785 5786 
0 -7 15 26 10 157 1614 3078 3083 3086 3087 4542 4543 4546 4550 
0 -6 15 24 10 149 152 158 159 1612 1613 1618 1622 3082 4547 
-2 -4 15 29 7 2172 2173 2276 2283 5102 5103 5115 
2 -4 15 29 7 710 711 809 814 3638 3639 3643 
0 -3 15 52 4 2948 4296 4420 5760 
-2 -2 15 47 1 1406 
2 -2 15 46 1 2876 
0 -1 15 70 6 1327 1392 1399 2785 2852 2858 
-4 -13 16 41 38 1896 1900 1901 1903 1905 1906 1907 1909 1922 1937 1939 1952 1953 1955 1958 1959 1968 4824 4828 4829 4830 4831 4832 4833 4834 4837 4844 4845 4849 4864 4865 4867 4880 4881 4883 4884 4885 4886 
4 -13 16 39 33 440 441 443 445 446 447 456 473 475 484 485 489 490 491 3368 3369 3371 3372 3373 3374 3375 3384 3388 3389 3400 3401 3403 3412 3413 3415 3416 3417 3419 
-4 -12 16 31 11 1917 1918 1919 1936 1943 1957 4847 4870 4882 4897 4898 
4 -12 16 33 13 435 460 461 463 469 474 487 3361 3391 3399 3418 3432 3435 
-4 -11 16 22 14 1912 1942 1946 1947 1949 1962 1963 1964 4843 4869 4874 4890 4891 4895 
4 -11 16 22 14 450 468 480 481 495 496 497 510 3379 3397 3410 3426 3427 3439 
-1 -2 16 42 1 4333 
0 -2 16 48 2 2949 4421 
1 -2 16 43 1 5805 
-4 -13 17 39 22 1904 1908 1910 1911 1916 1932 1933 1938 1969 1974 1975 4825 4835 4836 4838 4839 4860 4861 4863 4896 4900 4901 
4 -13 17 39 26 434 436 437 438 439 442 462 472 478 479 500 501 506 507 3360 3364 3365 3366 3367 3370 3404 3405 3406 3428 3429 3433 
-5 -12 17 25 2 1920 1970 
-4 -12 17 39 23 1897 1902 1921 1923 1934 1935 1948 1954 1956 1971 1972 1973 4846 4848 4850 4851 4862 4866 4879 4887 4899 4902 4903 
4 -12 17 38 22 444 457 459 476 477 486 488 494 502 503 505 3385 3386 3387 3390 3402 3407 3414 3422 3430 3431 3434 
5 -12 17 26 2 458 504 
-4 -11 17 21 8 1926 1928 1929 4854 4858 4859 4871 4875 
4 -11 17 21 8 452 466 467 3382 3394 3395 3398 3411 
0 -3 18 40 10 1416 1417 1418 1422 1423 2880 2882 2883 2892 2893 
-2 -1 18 40 1 1495 
-1 -1 18 30 2 1494 5713 
1 -1 18 30 2 20 4253 
2 -1 18 40 1 21 
-3 -1 19 23 1 4416 
-1 -1 19 34 11 2866 2867 2877 2878 5792 5793 5794 5806 5808 5809 5836 
1 -1 19 34 11 1400 1401 1404 1407 4328 4329 4330 4334 4344 4345 4364 
3 -1 19 23 1 2952 
0 -2 20 54 38 1419 1424 1425 1426 1427 1428 1429 1430 1431 1455 2881 2884 2885 2886 2887 2888 2889 2890 2891 2925 4324 4346 4350 4352 4353 4354 4355 4358 4359 5780 5810 5814 5815 5816 5817 5818 5819 5823 
-1 -1 20 32 6 2864 2865 2879 5795 5799 5807 
0 -1 20 58 24 1408 1410 1411 1415 2869 2872 2873 2874 4325 4336 4338 4339 4348 4349 4356 4361 5781 5800 5802 5803 5813 5820 5821 5825 
1 -1 20 32 6 1402 1403 1405 4331 4335 4343 
-1 -2 21 36 13 2898 2899 2900 2906 2907 2908 2909 5826 5827 5830 5831 5834 5835 
0 -2 21 52 14 1434 1435 1444 1445 1446 2896 2897 2901 2902 2903 4372 4373 5828 5829 
1 -2 21 36 13 1432 1433 1438 1439 1440 1441 1447 4362 4363 4370 4371 4374 4375 
-2 -1 21 23 2 2911 5837 
-1 -1 21 40 13 2868 2870 2871 2904 2905 2910 5796 5798 5811 5832 5833 5838 5839 
0 -1 21 70 68 1409 1420 1421 1448 1449 1450 1451 1452 1453 1454 1456 1458 1459 1460 1461 1462 1463 2875 2894 2895 2912 2913 2914 2915 2916 2917 2918 2919 2920 2921 2922 2924 2926 2927 4337 4341 4351 4357 4360 4376 4377 4378 4379 4382 4383 4386 4387 4388 4389 4390 4391 5797 5801 5812 5822 5824 5840 5841 5842 5843 5844 5845 5846 5847 5850 5851 5854 5855 
1 -1 21 40 13 1412 1413 1414 1436 1442 1443 4340 4342 4347 4366 4367 4368 4369 
2 -1 21 23 2 1437 4365 
0 -1 22 30 6 1457 2923 4384 4385 5848 5849 
