# Accumulation extracted from the extractAccOrigins tools of CDVAM.
# Format X Y Z AccVal ConfScore FaceId1 FaceId2 ....
-4 6 -11 29 5 1875 2369 2374 4806 5301 
4 6 -11 29 4 409 908 3335 3836 
-4 6 -10 27 1 2358 
-3 6 -10 51 45 1861 1862 1863 1864 1866 1867 1868 1872 1873 1874 1876 1879 2256 2257 2258 2259 2263 2353 2355 2356 2359 2372 2373 4786 4789 4790 4794 4795 4798 4799 4800 4801 4802 4803 4807 5184 5185 5186 5187 5191 5280 5283 5286 5287 5300 
-2 6 -10 24 2 2253 5183 
-1 6 -10 15 1 5180 
1 6 -10 15 1 3716 
2 6 -10 23 2 791 3719 
3 6 -10 49 43 388 389 391 400 401 403 405 406 408 410 411 415 800 801 802 803 892 895 897 899 910 911 3316 3319 3322 3330 3331 3334 3336 3337 3338 3339 3343 3727 3728 3729 3730 3731 3822 3823 3825 3826 3837 
4 6 -10 27 2 797 893 
-3 7 -10 38 19 1852 1853 1856 1858 1859 1869 1871 2352 2357 2368 2375 4783 4787 5190 5285 5298 5299 5302 5303 
-2 7 -10 34 8 1877 2341 4778 4780 4782 4791 5195 5269 
2 7 -10 34 8 407 878 3314 3318 3325 3327 3723 3805 
3 7 -10 40 24 392 393 394 395 398 399 413 414 796 894 898 909 915 3323 3326 3329 3342 3726 3821 3838 3839 3842 3843 4793 
-3 6 -9 26 1 2262 
-2 6 -9 25 4 2252 2378 2379 5182 
-1 6 -9 20 2 2255 5304 
0 6 -9 29 8 402 794 1865 2264 3717 3833 5181 5305 
1 6 -9 20 2 789 3832 
2 6 -9 25 4 790 904 905 3718 
-3 7 -9 29 1 4797 
-2 7 -9 44 36 1850 1851 1855 1860 1870 1878 2041 2046 2336 2340 2342 2343 2346 2348 2354 2362 2363 2364 2365 3328 3520 4779 4781 4788 5194 5268 5270 5271 5278 5281 5282 5290 5294 5295 5306 5307 
-1 7 -9 27 2 2265 2376 
1 7 -9 27 2 795 906 
2 7 -9 44 36 384 385 390 397 404 412 578 592 872 876 877 879 882 887 888 889 896 902 903 3315 3317 3324 3722 3804 3806 3807 3814 3819 3824 3827 3830 3831 3834 3835 4792 4973 
3 7 -9 30 2 914 3341 
-2 8 -9 27 2 2266 2267 
-1 8 -9 32 17 1848 2345 2347 3505 4772 4777 4796 5192 5262 5263 5266 5267 5272 5274 5275 5276 5429 
1 8 -9 32 17 387 873 875 3300 3313 3340 3720 3798 3799 3800 3802 3803 3810 3811 3812 3965 4969 
2 8 -9 28 2 792 793 
0 9 -9 46 16 374 386 396 868 869 874 1845 1849 1854 2334 2335 2344 3721 3801 5193 5273 
0 11 -9 40 3 883 1857 2337 
-2 6 -8 17 1 579 
2 6 -8 18 1 2040 
-3 7 -8 15 1 2261 
-2 7 -8 21 2 2047 4972 
2 7 -8 21 2 593 3521 
3 7 -8 15 1 799 
1 8 -8 22 2 3301 4773 
-2 9 -8 23 1 2236 
-1 9 -8 34 4 2349 2350 2500 5288 
0 9 -8 50 10 368 375 1834 1844 3296 3312 3864 4761 4776 5328 
1 9 -8 33 4 884 886 1038 3816 
0 10 -8 52 28 576 577 870 871 880 881 885 938 2042 2043 2332 2333 2338 2339 2351 2400 3320 3321 3796 3808 3809 3813 4784 4785 5260 5264 5265 5277 
-1 11 -8 31 1 945 
0 11 -8 46 4 939 944 2401 2406 
1 11 -8 31 1 2407 
-2 7 -7 18 3 2260 5188 5189 
2 7 -7 18 3 798 3724 3725 
-1 8 -7 28 1 4974 
0 8 -7 37 8 595 2045 3504 3507 3963 4968 4971 5434 
1 8 -7 25 1 3523 
0 9 -7 62 28 369 372 373 924 931 1108 1109 1114 1835 1846 1847 2389 2395 2580 2586 2587 3302 3303 3332 3333 3506 3797 4774 4775 4804 4805 4970 5261 
0 10 -7 59 12 582 891 1130 2056 2361 2601 3299 3511 4057 4762 4987 5529 
-3 11 -7 18 1 5171 
-2 11 -7 29 2 1092 5284 
-1 11 -7 39 2 947 2360 
0 11 -7 49 6 583 2057 3866 3875 5330 5334 
1 11 -7 41 2 890 2405 
2 11 -7 29 2 2563 3820 
3 11 -7 18 1 3715 
-1 12 -7 57 23 2248 2410 2450 2604 2605 2610 2611 4022 4984 5279 5331 5332 5333 5339 5376 5380 5381 5417 5476 5477 5484 5485 5528 
0 12 -7 57 10 946 1084 1085 2404 2550 2551 3874 4014 5335 5478 
1 12 -7 57 23 778 941 992 1142 1143 1152 1153 3508 3815 3867 3871 3872 3873 3916 3917 3920 3945 4012 4013 4024 4025 4056 5490 
-2 13 -7 31 4 2245 5175 5377 5480 
-1 13 -7 47 7 2449 2454 2455 2506 2548 2549 2558 
1 13 -7 47 7 988 989 995 1032 1086 1087 1096 
2 13 -7 31 4 783 3710 3921 4028 
-2 14 -7 60 28 2244 2251 2444 2445 2448 2452 2453 2490 2552 2553 2554 2559 2578 2579 2619 5001 5374 5378 5379 5382 5383 5481 5505 5506 5507 5534 5535 5547 
2 14 -7 60 28 776 782 982 983 990 991 994 1016 1097 1100 1102 1103 1116 1117 1145 3529 3910 3918 3919 3922 3923 4029 4045 4046 4047 4070 4071 4075 
-3 17 -7 28 4 2460 2461 5390 5391 
3 17 -7 28 4 998 999 3926 3927 
-1 8 -6 38 3 2366 3284 4975 
0 8 -6 67 21 588 594 760 761 766 917 1039 2044 2050 2228 2234 2235 2383 2501 3297 3689 3855 4760 5161 5309 5323 
1 8 -6 38 3 900 3522 4756 
-2 9 -6 23 3 2243 5168 5169 
-1 9 -6 40 2 2237 5165 
0 9 -6 108 40 370 378 758 759 767 769 901 919 997 1012 1019 1028 1115 1832 1840 2220 2221 2227 2229 2367 2380 2463 2478 2489 2495 2581 3298 3518 3688 3700 3829 3844 3845 4076 4763 4978 5160 5164 5293 5540 
1 9 -6 41 3 775 2381 3701 
2 9 -6 24 4 774 784 3712 3713 
-2 10 -6 44 8 934 935 2370 2371 3697 3863 5296 5431 
-1 10 -6 61 13 929 932 933 940 2388 2394 2488 2602 3860 4074 5292 5297 5511 
0 10 -6 141 128 756 757 762 763 764 768 770 926 996 1002 1003 1013 1104 1106 1110 1112 1126 1129 1134 1135 1136 1137 1138 2222 2223 2224 2226 2230 2232 2233 2393 2462 2472 2473 2479 2568 2571 2582 2584 2588 2592 2594 2595 2596 2597 2603 3306 3310 3510 3514 3684 3685 3686 3687 3690 3691 3694 3695 3696 3698 3699 3817 3893 3924 3925 3928 3929 3940 3941 4032 4033 4034 4036 4037 4038 4039 4040 4041 4042 4059 4060 4062 4063 4064 4065 4066 4067 4766 4770 4982 4986 5148 5149 5150 5151 5152 5154 5155 5158 5159 5162 5163 5289 5356 5388 5389 5400 5401 5404 5405 5496 5497 5498 5508 5509 5510 5512 5513 5514 5515 5520 5521 5522 5523 5524 5526 5527 5531 
1 10 -6 61 13 925 930 1018 1128 2386 2387 2391 2411 3828 3841 4043 5312 5546 
2 10 -6 43 7 912 913 2384 3840 3967 5153 5315 
-2 11 -6 30 6 585 2409 4020 4023 5167 5170 
-1 11 -6 56 13 377 928 1088 1094 2238 3861 4016 5166 5291 5316 5317 5320 5321 
0 11 -6 131 48 773 1105 1107 1111 1113 1132 1133 1139 1141 1147 1150 1151 2239 2569 2570 2583 2585 2593 2598 2599 2607 2612 2613 2616 3865 3870 3896 4035 4054 4061 4069 4072 4073 4078 4079 4082 5329 5338 5368 5499 5518 5525 5532 5538 5542 5543 5544 5545 
1 11 -6 52 11 772 1843 2390 2561 2566 3703 3818 3852 3853 3856 3857 
2 11 -6 31 7 943 2055 3702 3714 5313 5488 5491 
-3 12 -6 15 1 2246 
-2 12 -6 27 4 586 1093 2247 5173 
-1 12 -6 54 8 1095 1098 4018 4019 4021 5179 5336 5416 
0 12 -6 130 55 580 581 779 964 965 966 970 971 1033 1090 1121 1124 1125 1127 1140 1144 1146 2058 2059 2249 2428 2430 2431 2440 2441 2507 2565 2575 2589 2590 2591 2606 2617 2618 3509 3897 3961 4017 4052 4053 4055 4058 4068 4083 4985 5369 5433 5492 5493 5516 5517 5519 5530 5533 5539 
1 12 -6 54 8 2556 2560 3707 3868 3944 5489 5494 5495 
2 12 -6 27 7 781 937 2052 2562 3706 3708 3711 
3 12 -6 15 1 780 
-2 13 -6 25 1 5172 
-1 13 -6 46 2 2572 5177 
0 13 -6 108 20 1035 1089 1091 1099 1120 1131 2505 2557 2564 2567 2574 2600 4026 4049 4051 4080 5486 5500 5502 5536 
1 13 -6 46 2 1122 3705 
2 13 -6 25 1 3709 
-3 14 -6 21 2 5016 5402 
-1 14 -6 46 6 2250 2573 3513 5358 5479 5483 
0 14 -6 39 6 3704 4027 4048 5176 5487 5501 
1 14 -6 46 6 777 1123 3894 4015 4031 4981 
3 14 -6 21 2 3544 3930 
-2 15 -6 30 8 2474 2475 2477 2555 5000 5403 5407 5482 
2 15 -6 30 8 1000 1001 1015 1101 3528 3931 3943 4030 
-3 17 -6 57 51 2102 2432 2433 2436 2437 2438 2439 2446 2447 2456 2457 2464 2465 2466 2467 2468 2469 2470 2471 2483 2485 2487 2620 2626 2637 2642 2668 2669 2674 5364 5365 5366 5367 5384 5385 5392 5393 5394 5395 5396 5397 5398 5399 5409 5412 5413 5548 5553 5568 5596 5597 
-2 17 -6 24 1 2476 
2 17 -6 24 1 1014 
3 17 -6 57 51 636 972 973 974 975 978 979 980 981 986 987 1004 1005 1006 1007 1008 1009 1010 1011 1020 1023 1025 1158 1169 1174 1184 1206 1207 1216 3900 3901 3902 3903 3912 3913 3932 3933 3934 3935 3936 3937 3938 3939 3948 3949 3953 4084 4097 4112 4132 4133 
-4 18 -6 45 20 2071 2074 2622 2625 2630 2632 2643 2654 2655 2664 5550 5551 5554 5555 5558 5562 5569 5582 5583 5594 
-3 18 -6 44 18 2621 2623 2627 2636 2652 2672 2673 2675 5549 5564 5565 5580 5581 5584 5600 5601 5602 5603 
3 18 -6 44 18 1157 1159 1168 1175 1190 1217 1218 1219 4085 4100 4101 4116 4117 4128 4144 4145 4146 4147 
4 18 -6 46 21 600 605 607 1156 1162 1164 1171 1185 1188 1189 1194 4086 4087 4090 4094 4098 4099 4113 4118 4119 4122 
-4 19 -6 75 71 2103 2412 2413 2414 2415 2416 2417 2418 2419 2420 2423 2424 2425 2426 2427 2628 2629 2631 2633 2634 2635 2644 2645 2647 2648 2649 2650 2651 2663 2666 2667 2676 2677 2681 2682 2683 4096 5340 5341 5342 5343 5344 5345 5346 5347 5348 5351 5352 5353 5354 5355 5556 5557 5559 5560 5561 5563 5572 5573 5575 5576 5577 5579 5592 5593 5595 5604 5607 5608 5609 5610 
-3 19 -6 35 5 2665 2678 2679 5605 5606 
3 19 -6 36 5 1195 1212 1213 4140 4142 
4 19 -6 75 71 637 948 949 950 951 952 953 954 955 957 958 960 961 962 963 1160 1161 1163 1165 1166 1167 1176 1177 1178 1179 1181 1182 1183 1192 1193 1197 1208 1209 1211 1214 1215 3876 3877 3878 3879 3880 3881 3882 3883 3885 3886 3888 3889 3890 3891 4088 4089 4091 4092 4093 4095 4104 4105 4107 4108 4109 4110 4120 4121 4123 4136 4137 4139 4141 4143 5552 
0 3 -5 16 12 742 743 788 858 2204 2205 2254 2328 3668 3669 5132 5133 
0 7 -5 18 2 356 1830 
-2 8 -5 15 1 2242 
-1 8 -5 17 1 3285 
0 8 -5 54 14 589 863 907 923 2051 2325 2377 2397 3692 3851 4077 5156 5327 5541 
1 8 -5 17 1 4757 
2 8 -5 15 1 785 
-1 9 -5 36 5 381 2614 3308 3693 3789 
0 9 -5 66 42 371 379 380 590 857 862 916 918 921 922 1833 1838 1841 2048 2324 2331 2382 2396 2399 3311 3516 3519 3788 3846 3847 3849 3850 3854 3858 3862 4767 4976 4979 5252 5308 5310 5311 5314 5318 5322 5325 5326 
1 9 -5 36 5 1149 1839 4764 5157 5253 
0 10 -5 87 34 376 382 584 765 771 856 927 936 1118 1119 1836 1842 2054 2225 2231 2330 2392 2402 2576 2577 3304 3307 3784 3785 3859 3892 4050 4768 4771 5256 5257 5319 5357 5503 
-2 11 -5 28 9 2106 2241 2403 2408 4983 5174 5178 5337 5504 
1 11 -5 28 1 3515 
2 11 -5 27 3 632 787 2385 
-4 12 -5 20 6 2062 2063 2072 2073 5428 5437 
-1 12 -5 25 3 967 2053 4980 
2 12 -5 25 2 587 3512 
4 12 -5 20 6 596 597 602 603 3964 3973 
-8 13 -5 16 1 5464 
-7 13 -5 15 1 4994 
-6 13 -5 24 6 2060 2061 4990 4991 5002 5003 
-5 13 -5 20 6 2078 2508 2509 2514 2515 4989 
-4 13 -5 19 2 4988 5440 
0 13 -5 24 1 2429 
4 13 -5 19 2 3524 3988 
5 13 -5 20 6 612 1046 1047 1060 1061 3525 
6 13 -5 24 6 598 599 3526 3527 3530 3531 
7 13 -5 15 1 3538 
8 13 -5 16 1 4005 
-9 14 -5 11 1 5469 
-8 14 -5 30 27 2067 2092 2099 2107 2516 2520 2521 2522 2523 2537 2538 2539 2540 2543 4992 4993 5029 5033 5448 5449 5451 5465 5466 5467 5468 5470 5471 
-7 14 -5 26 12 2064 2517 2519 2541 4995 4998 5445 5446 5447 5450 5454 5455 
-6 14 -5 28 21 2510 2512 2513 2518 2524 2525 2546 2547 4999 5006 5018 5019 5424 5438 5439 5442 5443 5452 5453 5460 5461 
-5 14 -5 20 4 2544 5436 5441 5473 
-4 14 -5 18 1 5472 
-3 14 -5 24 2 2088 2089 
0 14 -5 42 12 968 969 1034 2442 2443 2504 3895 3898 3899 5359 5370 5371 
3 14 -5 24 2 618 619 
4 14 -5 18 1 3996 
5 14 -5 20 4 1070 3972 3989 3997 
6 14 -5 28 21 1044 1050 1051 1056 1062 1063 1068 1069 3535 3542 3546 3547 3968 3974 3975 3976 3977 3990 3991 4008 4009 
7 14 -5 26 12 611 1057 1059 1075 3534 3539 3978 3979 3982 3984 3986 3987 
8 14 -5 30 27 609 630 633 641 1052 1053 1054 1055 1058 1073 1074 1076 1077 1079 3536 3537 3561 3564 3980 3981 3983 4001 4002 4003 4004 4006 4007 
9 14 -5 11 1 4000 
-8 15 -5 23 5 2065 2095 2661 5022 5028 
-7 15 -5 26 10 2100 2101 2104 2526 2527 2532 2533 5020 5444 5462 
-6 15 -5 24 2 2068 2091 
-5 15 -5 24 17 2075 2090 2492 2493 2496 2497 2498 2499 2502 2511 2528 2529 2531 2534 5425 5427 5458 
-4 15 -5 22 9 2530 2545 5420 5421 5422 5423 5426 5456 5457 
-3 15 -5 21 1 5017 
3 15 -5 21 1 3545 
4 15 -5 22 6 1064 1071 3956 3957 3992 3993 
5 15 -5 24 17 601 616 1030 1031 1036 1040 1041 1042 1043 1045 1065 1066 1067 1080 3969 3971 3994 
6 15 -5 24 1 617 
7 15 -5 26 10 634 638 639 1048 1049 1082 1083 3556 3985 4010 
8 15 -5 23 3 610 1199 3565 
-4 16 -5 28 1 5430 
-3 16 -5 31 7 2434 2435 2451 5375 5386 5387 5432 
-2 16 -5 29 1 3906 
2 16 -5 29 1 5362 
3 16 -5 31 7 976 977 993 3911 3914 3915 3960 
4 16 -5 28 1 3966 
5 16 -5 22 3 3958 3959 3970 
-4 17 -5 34 8 2480 2481 2658 2659 5360 5372 5373 5585 
-3 17 -5 31 10 2458 2459 2482 2484 2486 5361 5410 5411 5414 5415 
-2 17 -5 30 5 2491 5363 5406 5418 5419 
2 17 -5 30 5 1017 3907 3942 3946 3947 
3 17 -5 31 10 984 985 1021 1022 1024 3905 3950 3951 3954 3955 
4 17 -5 35 8 1026 1027 1200 1201 3904 3908 3909 4129 
-4 18 -5 49 32 2421 2422 2624 2638 2639 2640 2641 2646 2656 2657 2660 2662 2670 2671 2680 5349 5350 5566 5567 5570 5571 5574 5578 5586 5587 5588 5589 5590 5591 5598 5599 5611 
-3 18 -5 33 2 2653 5005 
3 18 -5 33 2 1191 3541 
4 18 -5 49 32 956 959 1170 1172 1173 1180 1186 1187 1196 1198 1202 1203 1204 1205 1210 3884 3887 4102 4103 4106 4111 4114 4115 4124 4125 4126 4127 4130 4131 4134 4135 4138 
0 5 -4 12 2 358 1828 
-1 9 -4 29 2 2615 3309 
0 9 -4 41 8 591 920 2049 2398 3517 3848 4977 5324 
1 9 -4 29 2 1148 4765 
0 10 -4 50 14 383 1029 1154 1155 1837 2494 2608 2609 3305 3962 4081 4769 5435 5537 
1 10 -4 29 2 3869 4044 
-8 14 -4 17 2 2070 5032 
-7 14 -4 18 2 2066 2105 
7 14 -4 18 2 608 635 
8 14 -4 17 2 604 3560 
-9 15 -4 14 2 2536 2542 
-8 15 -4 15 1 5034 
-6 15 -4 31 8 2076 2094 5012 5013 5021 5035 5474 5475 
6 15 -4 30 8 615 629 3548 3549 3557 3562 3998 3999 
7 15 -4 24 3 628 3558 3569 
8 15 -4 16 1 3563 
9 15 -4 14 2 1072 1078 
-6 16 -4 37 32 2069 2077 2080 2081 2082 2083 2084 2085 2086 2087 2093 2096 2097 2098 2535 4996 4997 5007 5008 5009 5010 5011 5014 5015 5023 5025 5026 5030 5031 5408 5459 5463 
-5 16 -4 23 1 2503 
5 16 -4 23 1 1037 
6 16 -4 37 32 606 614 620 621 622 623 624 625 626 627 631 640 642 643 1081 3532 3533 3543 3550 3551 3552 3553 3554 3555 3559 3566 3567 3568 3571 3952 3995 4011 
-2 17 -4 18 1 2079 
-1 17 -4 14 1 5004 
1 17 -4 14 1 3540 
2 17 -4 18 1 613 
0 3 -3 12 6 866 2320 3783 3795 5247 5251 
0 5 -3 20 16 359 752 753 859 1829 2210 2211 2329 3286 3786 3787 3791 4758 5255 5258 5259 
-1 6 -3 12 4 861 1824 1831 3289 
0 6 -3 16 8 860 2326 3288 3680 3790 4752 5136 5254 
1 6 -3 12 4 357 362 2327 4753 
-2 7 -3 10 1 363 
2 7 -3 10 1 1825 
-1 9 -3 23 1 2240 
1 9 -3 23 1 786 
0 10 -3 28 1 942 
-6 16 -3 18 1 5027 
6 16 -3 18 1 3570 
-6 17 -3 24 1 5024 
0 2 -2 14 4 854 864 2317 2322 
-1 4 -2 11 1 360 
0 4 -2 18 16 352 353 852 853 867 1818 1819 2318 2319 2321 3282 3782 3794 4746 5246 5250 
1 4 -2 11 1 1826 
0 5 -2 12 4 3287 3290 4754 4759 
-1 6 -2 8 1 5137 
1 6 -2 8 1 3681 
0 -1 -1 16 2 3775 5239 
0 0 -1 18 4 3772 3773 5236 5237 
0 1 -1 20 16 740 741 840 841 846 847 2206 2207 2308 2309 2314 2315 3670 3671 5134 5135 
0 2 -1 22 20 855 865 2316 2323 3280 3281 3682 3683 3780 3781 3792 3793 4744 4745 5138 5139 5244 5245 5248 5249 
-1 4 -1 12 4 361 2208 4747 4750 
1 4 -1 12 4 754 1827 3283 3294 
0 5 -1 8 2 3291 4755 
-5 -13 0 17 3 2032 4817 4960 
5 -13 0 18 3 570 3352 3497 
-5 -12 0 33 21 1881 1883 1886 1890 1985 1987 1990 2001 2039 4808 4809 4811 4813 4815 4913 4915 4928 4929 4962 4964 4967 
-4 -12 0 14 2 2016 2036 
4 -12 0 14 2 554 566 
5 -12 0 33 23 417 419 422 424 428 516 521 523 539 549 565 3344 3345 3347 3356 3359 3448 3450 3464 3465 3493 3494 3498 
-4 -11 0 15 2 1986 4914 
-3 -11 0 13 1 4955 
3 -11 0 13 1 3491 
4 -11 0 15 2 520 3451 
-5 -10 0 12 5 1980 1981 4910 4911 4922 
-4 -10 0 12 1 2026 
4 -10 0 12 1 561 
5 -10 0 12 5 526 527 3454 3455 3458 
-6 -9 0 9 3 1983 2008 2025 
6 -9 0 9 3 524 546 562 
-5 -8 0 9 5 1982 1994 1995 2014 4933 
-4 -8 0 9 4 4920 4921 4941 4952 
0 -8 0 8 2 514 1976 
4 -8 0 9 4 3456 3457 3485 3488 
5 -8 0 9 5 525 528 529 557 3461 
-5 -6 0 9 1 4425 
5 -6 0 9 1 2961 
-4 -2 0 10 2 1474 1475 
4 -2 0 10 2 8 9 
-1 3 0 10 1 1822 
0 3 0 13 4 354 355 1816 1817 
0 4 0 10 6 366 755 1820 2209 3295 4751 
-5 -13 1 36 20 1884 1891 1892 1893 1894 1991 1997 2002 2022 2033 2035 2038 4812 4816 4924 4948 4949 4961 4963 4965 
5 -13 1 32 15 420 423 425 517 536 543 564 569 571 3353 3357 3469 3492 3496 3499 
-5 -12 1 43 41 1880 1882 1885 1887 1888 1889 1895 1984 1989 1996 1999 2003 2017 2019 2020 2021 2023 2028 2034 2037 4810 4814 4818 4819 4820 4822 4823 4912 4916 4917 4919 4925 4927 4930 4945 4946 4947 4950 4951 4959 4966 
-4 -12 1 19 2 4821 4944 
4 -12 1 19 2 3348 3481 
5 -12 1 46 43 416 418 421 426 427 429 430 431 519 522 537 541 542 548 550 551 553 555 567 568 575 3346 3349 3350 3351 3354 3355 3358 3444 3445 3447 3449 3467 3468 3471 3477 3478 3479 3480 3482 3483 3495 3502 
-6 -11 1 13 2 1998 4926 
-5 -11 1 25 15 1988 1993 2000 2010 2011 2012 2018 2027 2029 4918 4931 4938 4939 4942 4954 
-4 -11 1 13 1 4958 
4 -11 1 13 1 3503 
5 -11 1 25 15 518 531 538 544 545 552 559 560 574 3446 3466 3474 3475 3486 3490 
6 -11 1 12 2 540 3470 
-6 -10 1 9 1 4934 
-5 -10 1 18 15 1978 1979 1992 2006 2007 2013 2024 2031 4906 4907 4923 4935 4937 4943 4957 
-4 -10 1 12 1 2030 
4 -10 1 12 1 572 
5 -10 1 18 15 512 513 530 532 533 558 563 573 3442 3443 3459 3463 3472 3487 3501 
6 -10 1 9 1 3462 
-5 -9 1 12 8 1977 2005 2009 2015 4905 4932 4936 4953 
5 -9 1 12 8 515 535 547 556 3441 3460 3473 3489 
-5 -7 1 7 1 4424 
-4 -7 1 10 6 2160 2161 2166 2167 4472 5093 
0 -7 1 22 10 82 83 92 93 1544 1545 1550 1551 3440 4904 
4 -7 1 10 6 700 701 706 707 3009 3629 
5 -7 1 7 1 2960 
-4 -5 1 10 4 4426 4427 4436 5092 
4 -5 1 10 4 2962 2963 2964 3628 
-4 -4 1 10 3 4438 4439 5217 
4 -4 1 10 3 2966 2967 3761 
-4 -2 1 9 1 4400 
-3 -2 1 18 2 749 1469 
-2 -2 1 13 1 1468 
0 -2 1 56 10 746 747 2216 2217 3674 3675 3778 5146 5147 5235 
2 -2 1 13 1 14 
3 -2 1 18 2 15 2215 
4 -2 1 9 1 2936 
0 -1 1 24 6 2988 3678 3679 4445 5142 5143 
0 0 1 22 4 3232 3233 4696 4697 
0 1 1 16 4 304 748 1770 2214 
-1 3 1 11 3 364 367 4748 
1 3 1 10 1 1821 
5 -13 2 11 1 3476 
-6 -10 2 7 1 4956 
6 -10 2 7 1 3500 
-2 -9 2 5 1 5088 
2 -9 2 5 1 3632 
-5 -8 2 9 2 2004 4940 
5 -8 2 9 2 534 3484 
0 -7 2 14 4 3008 3021 4473 4477 
-5 -6 2 10 5 1498 1499 1508 1509 5089 
-1 -6 2 13 1 4476 
0 -6 2 28 8 3010 3011 3022 3023 4474 4475 4478 4479 
1 -6 2 13 1 3020 
5 -6 2 10 5 32 33 38 39 3633 
0 -5 2 30 8 3014 3015 3018 3019 4482 4483 4486 4487 
-3 -2 2 11 1 1510 
-2 -2 2 32 1 4435 
-1 -2 2 26 1 4397 
0 -2 2 68 12 744 745 750 751 2212 2213 2218 2219 3672 3673 5144 5145 
1 -2 2 26 1 2941 
2 -2 2 32 1 2970 
3 -2 2 11 1 37 
-1 2 2 11 2 365 3292 
1 2 2 11 1 1823 
0 -9 3 10 2 3452 4908 
0 -8 3 10 2 3453 4909 
-5 -6 3 8 1 4401 
-4 -6 3 6 1 1497 
0 -6 3 14 4 80 81 1546 1547 
4 -6 3 6 1 34 
5 -6 3 8 1 2937 
-4 -5 3 9 3 4437 5656 5660 
0 -5 3 28 12 86 87 89 94 95 1548 1549 1555 1556 1557 3028 4500 
4 -5 3 9 3 2965 4184 4196 
-1 -4 3 18 1 85 
0 -4 3 48 14 84 88 90 91 1552 1553 1554 1559 3012 3013 3017 4480 4484 4485 
1 -4 3 18 1 1558 
-1 -3 3 51 1 4396 
0 -3 3 80 30 129 130 134 137 140 142 143 336 342 647 1592 1595 1596 1597 1598 1603 1604 1802 1813 2109 3057 3058 3068 3071 3627 4520 4522 4524 4527 5099 
1 -3 3 51 1 2940 
-1 -2 3 55 4 2108 2111 3676 3677 
0 -2 3 70 4 656 657 2114 2115 
1 -2 3 55 4 645 646 5140 5141 
0 -1 3 94 66 306 307 318 319 340 341 346 822 825 831 837 838 839 1254 1768 1769 1772 1773 1808 1814 1815 2284 2292 2299 2300 2301 2303 2717 2969 2989 3234 3246 3247 3270 3274 3572 3573 3749 3751 3753 3756 3757 3764 3765 3767 3779 4180 4432 4444 4698 4702 4703 4739 4742 5036 5037 5213 5215 5220 5221 5225 5228 5229 5231 5234 5644 
-1 1 3 24 4 305 310 311 3140 
1 1 3 22 4 1771 1780 1781 4612 
-1 2 3 12 1 3293 
1 2 3 13 1 4749 
-2 -5 4 11 3 1496 1502 1574 
2 -5 4 11 3 35 44 100 
-1 -4 4 14 1 101 
0 -4 4 20 8 106 1569 2972 3016 3032 4428 4481 4496 
1 -4 4 14 1 1575 
-2 -3 4 23 3 1511 4430 5216 
-1 -3 4 89 52 48 56 60 61 128 131 136 141 277 316 317 338 339 343 692 693 695 698 699 1500 1501 1506 1526 1527 2122 2162 2163 2190 2728 2729 2977 3056 3059 3063 3067 3069 3070 3245 3267 3268 3269 3622 3623 3626 4434 4455 5042 5046 5118 5119 5658 5659 
0 -3 4 100 84 49 50 51 54 55 59 121 127 132 133 135 138 139 337 694 1264 1265 1512 1513 1514 1520 1524 1525 1581 1587 1600 1601 1605 1606 1607 1803 2156 2722 2723 2976 2978 2979 2980 2981 2983 2986 2987 2991 3049 3052 3060 3061 3062 3064 3065 3066 3204 3244 3264 3265 3585 3621 3666 4195 4440 4442 4443 4446 4450 4451 4452 4453 4454 4508 4513 4528 4529 4530 4532 4533 4534 4676 4701 4728 4729 5041 5084 5122 5650 
1 -3 4 88 44 40 46 47 52 53 704 724 1515 1518 1519 1523 1593 1594 1599 1602 1750 1774 1775 1800 1801 1812 2157 2158 2159 2168 2169 2971 2982 3654 3655 4441 4521 4523 4525 4526 4531 4535 4700 4730 4740 4741 5086 5087 5098 
2 -3 4 23 3 36 2974 3760 
-3 -2 4 14 1 5657 
-2 -2 4 22 1 845 
-1 -2 4 76 10 63 232 849 850 851 1505 1507 3271 3624 3777 
0 -2 4 84 26 57 58 62 738 739 848 1516 1521 1522 2192 2193 2306 2968 2984 2985 2990 3266 3652 3776 4433 4447 4448 4449 4731 5117 5233 
1 -2 4 76 10 41 43 1517 1699 2304 2305 2307 4743 5096 5232 
2 -2 4 22 1 2310 
3 -2 4 14 1 4185 
-2 -1 4 37 7 229 2164 2731 3163 5090 5094 5095 
-1 -1 4 82 14 233 347 696 697 844 1806 1807 2189 2288 3235 3620 3625 3766 5123 
1 -1 4 81 14 348 349 727 834 1698 1809 2170 2171 2311 3667 4699 5085 5097 5230 
2 -1 4 38 7 702 1257 1703 3630 3631 3634 4627 
-2 0 4 32 4 228 3237 3770 3774 
-1 0 4 88 61 208 209 210 214 215 216 217 220 223 234 235 308 314 821 823 842 843 1504 2112 2113 2116 2117 2118 2119 2120 2123 2165 2188 2194 2195 2289 2290 2291 3136 3139 3142 3143 3146 3147 3151 3156 3238 3241 3748 3771 4734 4735 4738 5038 5039 5043 5044 5045 5047 5049 5050 5051 5091 5116 5120 5121 
0 0 4 105 105 212 213 218 219 309 312 313 315 344 345 350 351 644 650 820 824 826 827 828 829 830 836 1252 1253 1255 1680 1681 1686 1687 1777 1778 1779 1783 1804 1805 1810 1811 2110 2121 2286 2293 2294 2295 2296 2297 2298 2302 2716 2718 2719 3137 3144 3145 3148 3160 3161 3239 3240 3242 3243 3272 3273 3276 3277 3576 3584 3750 3752 3754 3755 3758 3759 3762 3763 4181 4182 4183 4601 4604 4608 4609 4624 4625 4704 4705 4706 4707 4711 4732 4733 4736 4737 5040 5048 5214 5218 5219 5222 5223 5224 5226 5227 5645 5646 5647 
1 0 4 89 68 42 648 649 651 652 653 654 655 658 659 703 705 726 736 737 832 833 835 1258 1259 1673 1674 1675 1677 1678 1682 1683 1684 1685 1696 1697 1776 1782 2285 2287 2312 2313 3275 3278 3279 3574 3575 3577 3578 3579 3580 3581 3582 3583 3586 3587 3635 3653 3664 3665 4186 4187 4600 4603 4607 4610 4611 4614 4615 4629 4710 5212 5243 
2 0 4 31 4 1702 4709 5238 5242 
-1 1 4 53 5 222 3138 3150 3236 4613 
0 1 4 62 6 211 221 1672 1679 3149 4605 
1 1 4 52 5 1676 3141 4602 4606 4708 
-1 2 4 37 2 3768 3769 
1 2 4 37 2 5240 5241 
-4 -5 5 9 2 1472 4403 
4 -5 5 9 2 10 2939 
-1 -4 5 16 2 107 3031 
0 -4 5 22 10 45 105 1503 1570 2973 3033 3035 4429 4497 4499 
1 -4 5 16 2 1568 4502 
-2 -3 5 15 1 5661 
-1 -3 5 35 9 102 125 2725 3054 3210 5126 5130 5654 5655 
0 -3 5 60 38 120 123 124 126 276 278 725 730 732 733 1580 1582 1585 1586 1749 1751 2191 2198 2199 2200 3029 3048 3051 3053 3055 3205 3207 3663 4194 4501 4509 4511 4512 4515 4677 4679 5127 5651 
1 -3 5 34 7 1263 1572 3658 3662 4190 4191 4675 
2 -3 5 15 1 4197 
-2 -2 5 20 4 2730 2733 3166 4398 
2 -2 5 20 4 1256 1271 2942 4623 
-1 -1 5 29 3 238 1744 3158 
0 -1 5 30 8 12 283 1470 1745 3208 3209 4672 4673 
1 -1 5 29 3 282 1692 4631 
-1 0 5 24 1 3159 
0 0 5 30 6 231 1701 3157 3162 4626 4628 
1 0 5 24 1 4630 
-5 -6 6 8 2 4399 4402 
5 -6 6 8 2 2938 2943 
-2 -5 6 9 1 4498 
2 -5 6 9 1 3034 
-1 -4 6 22 11 1564 1571 1573 1584 1591 2724 2726 3030 3038 4431 5653 
1 -4 6 22 11 103 104 110 116 122 1261 1262 2975 4189 4495 4503 
-1 -3 6 21 2 286 2739 
0 -3 6 34 32 114 272 279 731 1260 1266 1267 1576 1583 1738 1748 2201 2720 2721 2727 3043 3047 3050 3203 3206 3659 4192 4193 4507 4510 4514 4519 4666 4678 5131 5648 5649 
1 -3 6 21 2 1281 1740 
-3 -2 6 7 1 1473 
-2 -2 6 11 1 2734 
0 -2 6 26 4 239 1693 3211 4674 
2 -2 6 11 1 1268 
3 -2 6 7 1 11 
-1 -1 6 15 2 1471 3154 
0 -1 6 24 8 230 280 281 1700 1746 1747 3167 4622 
1 -1 6 15 2 13 4618 
-5 -6 7 11 1 4395 
5 -6 7 11 1 2931 
-4 -5 7 12 6 1464 1478 1479 4394 4406 4407 
-2 -5 7 11 1 5663 
0 -5 7 18 6 111 1565 3027 3039 4491 4494 
2 -5 7 11 1 4199 
4 -5 7 12 6 2 4 5 2930 2934 2935 
0 -4 7 28 12 96 97 117 728 1562 1563 1590 2202 3026 3046 4490 4518 
-1 -3 7 21 3 287 2735 5652 
0 -3 7 26 16 115 273 734 1577 1739 2196 3042 3202 3214 3215 3660 4506 4667 4670 4671 5124 
1 -3 7 21 3 1269 1741 4188 
-1 -2 7 14 1 2732 
1 -2 7 14 1 1270 
0 -1 7 20 8 224 225 236 1690 1691 1694 3155 4619 
-2 -5 8 19 1 2744 
-1 -5 8 26 8 1222 1561 1566 1567 4150 4162 4492 4493 
1 -5 8 26 8 98 108 109 2684 3036 3037 5614 5618 
2 -5 8 19 1 1274 
-3 -4 8 10 1 4404 
-1 -4 8 31 7 99 1232 1588 3025 4488 4516 4517 
1 -4 8 31 7 118 1560 2690 3024 3044 3045 4489 
3 -4 8 10 1 2932 
-1 -3 8 31 1 1589 
0 -3 8 64 22 112 113 274 275 284 1578 1579 1736 1737 1743 3040 3041 3200 3201 4148 4198 4504 4505 4664 4665 5612 5662 
1 -3 8 31 1 119 
-1 -2 8 18 1 1465 
0 -2 8 66 36 237 285 729 735 1293 1304 1305 1310 1695 1742 2197 2203 2758 2772 2778 2779 3152 3153 3212 3213 3656 3657 3661 4223 4232 4233 4616 4617 4668 4669 5125 5128 5129 5687 5704 5705 
1 -2 8 18 1 3 
0 -1 8 38 12 226 227 1280 1688 1689 2738 3164 3165 4209 4620 4621 5665 
0 -6 9 41 6 1223 2685 4158 4163 5619 5622 
-1 -5 9 54 6 1233 1273 1278 4151 4154 5616 
0 -5 9 74 28 192 193 198 199 1228 1234 1235 1279 1658 1659 1668 1669 2688 2689 2694 2741 3124 3125 4159 4161 4202 4206 4596 4597 5617 5623 5670 5674 
1 -5 9 54 6 2691 2740 2747 4160 5615 5626 
0 -4 9 110 41 188 673 1229 1272 1276 1284 1290 1301 1303 1312 1646 2130 2695 2742 2746 2750 2760 2765 2771 3116 3117 3120 3121 3256 4156 4204 4219 4229 4231 4242 4572 4573 4584 4585 4720 5620 5668 5690 5693 5694 5698 
-2 -3 9 10 3 4393 4408 4409 
0 -3 9 113 113 179 189 329 1220 1221 1230 1277 1282 1285 1286 1287 1288 1289 1291 1292 1294 1295 1296 1297 1298 1299 1306 1307 1308 1309 1641 1647 1794 2686 2687 2692 2736 2743 2748 2749 2751 2752 2753 2754 2755 2756 2757 2759 2761 2762 2763 2767 2774 2775 2776 2777 3104 3189 3600 4149 4157 4176 4200 4201 4203 4205 4207 4208 4210 4212 4213 4214 4215 4216 4217 4218 4220 4221 4222 4224 4225 4226 4227 4234 4235 4238 4239 4568 4660 5056 5613 5621 5632 5664 5666 5669 5671 5672 5673 5675 5676 5677 5678 5679 5680 5681 5682 5683 5684 5685 5686 5688 5689 5691 5702 5703 5706 5707 
2 -3 9 10 3 2929 2944 2945 
-3 -2 9 10 7 1466 1467 1476 1477 1480 1481 1487 
0 -2 9 68 12 1275 1283 1311 2737 2745 2773 4211 4236 4237 5667 5700 5701 
3 -2 9 10 7 0 1 6 7 18 19 29 
-2 -1 9 10 2 4405 4413 
0 -1 9 20 2 2928 4392 
2 -1 9 10 2 2933 2957 
-5 -7 10 9 2 1486 4411 
-1 -7 10 17 1 4471 
1 -7 10 17 1 2998 
5 -7 10 9 2 28 2947 
0 -5 10 40 14 196 197 1670 1671 2999 3122 3123 3126 3127 4470 4586 4587 4598 4599 
0 -4 10 52 8 190 194 195 1644 1656 1657 3119 4575 
-2 -3 10 13 2 1485 4412 
0 -3 10 92 26 178 328 334 335 1227 1231 1250 1640 1788 1789 1795 2693 2697 2705 3105 3106 3257 4155 4177 4264 4569 4570 4721 5627 5633 5733 
2 -3 10 13 2 31 2956 
-1 -2 10 16 1 1482 
0 -2 10 94 64 256 257 262 263 662 663 672 1224 1244 1245 1248 1251 1300 1302 1313 1314 1315 1722 1723 1732 1733 2124 2125 2131 2698 2704 2706 2710 2711 2764 2766 2768 2769 2770 3184 3185 3188 3260 3261 3588 3589 3601 4172 4173 4228 4230 4240 4241 4243 4648 4649 4661 4716 4717 5052 5053 5057 5636 5637 5692 5695 5696 5697 5699 
1 -2 10 15 1 16 
-1 -1 10 14 1 1483 
1 -1 10 14 1 17 
-1 -5 11 17 3 1664 3130 3135 
1 -5 11 17 3 203 4591 4594 
-1 -4 11 32 2 1539 4464 
0 -4 11 33 4 184 191 1645 1650 
1 -4 11 30 1 73 
-3 -3 11 9 2 4414 4415 
-1 -3 11 37 2 2272 4723 
0 -3 11 54 22 176 177 330 331 333 1642 1643 1791 1792 1793 3107 3115 3118 3258 3262 3263 4571 4574 4578 4718 4719 4722 
1 -3 11 39 3 819 1663 3259 
3 -3 11 9 2 2958 2959 
-2 -2 11 11 2 1484 4410 
0 -2 11 62 32 258 259 261 332 674 1246 1247 1249 1720 1721 1735 1790 2129 2707 2708 2709 3186 3187 3190 3603 4174 4175 4178 4179 4650 4651 4663 5059 5634 5635 5638 5639 
2 -2 11 12 2 30 2946 
-2 -9 12 11 2 4456 4893 
2 -9 12 11 2 2992 3437 
-1 -5 12 28 6 202 1543 1665 3129 4268 4595 
0 -5 12 26 2 3134 4590 
1 -5 12 27 4 69 3131 4593 5728 
-1 -4 12 73 12 205 323 324 2699 3250 3251 3254 3255 4467 5630 5642 5643 
1 -4 12 74 17 185 204 1225 1651 1662 1784 1798 3003 3112 4167 4170 4171 4577 4714 4715 4726 4727 
-2 -3 12 22 4 1491 1492 2696 2701 
-1 -3 12 66 1 5624 
0 -3 12 72 16 182 183 325 1240 1241 1652 1653 1799 2714 2715 3110 3111 3114 4579 4582 4583 
1 -3 12 66 2 3000 4152 
2 -3 12 22 4 22 25 1226 1239 
0 -2 12 82 24 260 268 660 661 675 1726 1734 2126 2127 2128 3191 3194 3199 3590 3591 3602 4168 4654 4658 4662 5054 5055 5058 5640 
0 -1 12 62 2 23 1493 
-1 -6 13 17 1 4468 
0 -6 13 18 6 71 200 206 1541 1660 1667 
1 -6 13 17 1 2997 
-2 -5 13 20 5 201 207 1532 1536 3081 
-1 -5 13 18 1 3092 
0 -5 13 24 4 2996 3128 4469 4592 
1 -5 13 18 1 4565 
2 -5 13 20 5 75 79 1661 1666 4544 
-2 -4 13 27 5 2187 2278 2700 2702 2703 
-1 -4 13 121 19 289 327 1368 1374 1537 1542 2186 2273 2712 2713 2800 2801 2802 2806 3096 3133 4301 4576 5631 
0 -4 13 86 4 4169 4269 5641 5729 
1 -4 13 121 20 68 74 712 818 1242 1243 1336 1341 1342 1343 1754 1797 2835 2844 3001 3113 4166 4560 4589 5772 
2 -4 13 26 2 812 1236 
-3 -3 13 18 5 1490 4418 4419 4422 4423 
-1 -3 13 80 4 1649 5206 5731 5734 
0 -3 13 258 154 160 169 174 180 181 186 267 294 320 321 326 664 666 667 668 670 678 688 805 807 1317 1340 1346 1348 1349 1350 1351 1352 1353 1354 1355 1356 1358 1361 1362 1364 1366 1367 1370 1372 1381 1627 1628 1634 1648 1654 1655 1728 1764 1786 1787 1796 2132 2134 2136 2137 2138 2140 2146 2269 2271 2782 2796 2803 2812 2813 2814 2815 2816 2817 2819 2820 2823 2824 2826 2828 2829 2830 2831 2832 2839 2846 3088 3100 3109 3216 3228 3249 3252 3253 3592 3594 3595 3596 3598 3599 3604 3640 3641 3733 4270 4272 4276 4278 4280 4281 4282 4283 4284 4286 4287 4290 4293 4294 4295 4298 4303 4311 4552 4556 4581 4680 4685 4713 4724 4725 5061 5062 5063 5064 5066 5067 5068 5112 5113 5197 5724 5730 5741 5742 5745 5746 5747 5750 5752 5754 5755 5756 5757 5758 5759 5762 5767 5774 
1 -3 13 81 4 187 3742 4267 4271 
2 -3 13 27 3 713 1237 1238 
3 -3 13 18 5 24 2950 2951 2954 2955 
0 -2 13 154 50 264 266 269 271 322 669 1328 1332 1338 1344 1389 1725 1727 1729 1731 1785 2135 2794 2798 2804 2811 2862 3108 3193 3195 3196 3197 3198 3248 3734 4258 4262 4263 4266 4274 4275 4580 4652 4653 4655 4657 4659 4712 5198 5722 5726 5727 5735 5738 5739 
0 -1 13 74 2 1335 2808 
-4 -8 14 10 1 4888 
4 -8 14 10 1 3424 
0 -7 14 14 2 148 1623 
-3 -6 14 12 1 5629 
-2 -6 14 15 1 2181 
0 -6 14 18 8 154 155 1616 1617 3085 3132 4541 4588 
2 -6 14 15 1 719 
3 -6 14 12 1 4165 
-2 -5 14 14 1 4545 
2 -5 14 14 1 3080 
-2 -4 14 26 2 2279 5114 
0 -4 14 30 2 164 165 
1 -4 14 31 8 170 171 1632 1633 1638 1639 3097 4561 
2 -4 14 26 2 813 3642 
-1 -3 14 109 15 2274 2275 2805 2807 2861 4465 5199 5200 5201 5202 5203 5210 5211 5732 5788 
0 -3 14 248 125 162 166 167 168 172 240 241 242 288 290 291 292 293 295 296 297 298 299 300 301 302 303 714 806 1316 1322 1323 1359 1365 1371 1373 1375 1384 1624 1630 1635 1636 1637 1704 1706 1707 1752 1753 1755 1756 1757 1758 1759 1760 1761 1762 1763 1765 1766 1767 2184 2268 2783 2788 2789 2818 2825 2833 2845 2847 2850 3090 3094 3095 3098 3099 3102 3168 3169 3217 3218 3219 3220 3221 3222 3223 3224 3225 3226 3227 3229 3230 3231 4248 4249 4279 4285 4292 4299 4300 4302 4554 4558 4562 4563 4566 4567 4632 4633 4681 4682 4683 4684 4686 4687 4688 4689 4690 4691 4692 4693 4694 4695 5716 5717 5743 5744 5763 5773 5775 
1 -3 14 108 14 816 817 1337 1339 1390 3735 3738 3739 3744 3745 3746 3747 4265 4316 
-1 -2 14 73 3 2282 4380 4381 
0 -2 14 317 275 161 163 173 175 243 244 245 246 247 248 249 250 251 252 253 254 255 265 270 665 671 676 677 679 680 681 682 683 684 685 686 687 689 690 691 708 709 715 804 810 811 1318 1319 1320 1321 1329 1330 1331 1333 1345 1347 1357 1360 1363 1376 1377 1378 1379 1380 1382 1383 1385 1386 1387 1388 1391 1394 1625 1626 1629 1631 1705 1708 1709 1710 1711 1712 1713 1714 1715 1716 1717 1718 1719 1724 1730 2133 2139 2141 2142 2143 2144 2145 2147 2148 2149 2150 2151 2152 2153 2154 2155 2174 2175 2185 2270 2280 2281 2780 2781 2790 2791 2792 2793 2795 2797 2799 2810 2821 2822 2827 2836 2837 2838 2840 2841 2842 2843 2848 2849 2851 2856 2860 2863 3089 3091 3101 3103 3170 3171 3172 3173 3174 3175 3176 3177 3178 3179 3180 3181 3182 3183 3192 3593 3597 3605 3606 3607 3608 3609 3610 3611 3612 3613 3614 3615 3616 3617 3618 3619 3636 3637 3732 3736 3737 4244 4245 4246 4247 4250 4251 4255 4256 4257 4273 4277 4288 4289 4291 4304 4305 4306 4307 4308 4309 4310 4312 4313 4314 4315 4317 4318 4319 4322 4553 4555 4557 4559 4634 4635 4636 4637 4638 4639 4640 4641 4642 4643 4644 4645 4646 4647 4656 5060 5065 5069 5070 5071 5072 5073 5074 5075 5076 5077 5078 5079 5080 5081 5082 5083 5100 5101 5196 5208 5209 5708 5709 5710 5711 5714 5718 5719 5720 5721 5725 5740 5748 5749 5751 5753 5764 5765 5766 5768 5769 5770 5771 5776 5777 5778 5779 5787 5789 5790 5791 
1 -2 14 73 3 808 5852 5853 
0 -1 14 108 36 1324 1325 1326 1334 1393 1395 1396 1397 2784 2786 2787 2809 2854 2855 2857 2859 4252 4254 4259 4260 4261 4320 4321 4323 4326 4327 5712 5715 5723 5736 5737 5782 5783 5784 5785 5786 
-4 -8 15 9 1 5108 
-1 -8 15 12 2 1609 2180 
0 -8 15 15 4 146 1608 3073 4536 
1 -8 15 12 2 147 718 
4 -8 15 9 1 3644 
-4 -7 15 12 3 1530 4417 4459 
-1 -7 15 19 2 1615 3077 
0 -7 15 25 10 157 1614 3078 3083 3086 3087 4542 4543 4546 4550 
1 -7 15 18 2 156 4549 
4 -7 15 12 3 65 2953 2995 
-3 -6 15 14 2 4416 5111 
0 -6 15 24 12 149 152 158 159 1612 1613 1618 1622 3082 3084 4540 4547 
3 -6 15 14 2 2952 3647 
-4 -5 15 11 1 5628 
-2 -5 15 17 1 1619 
2 -5 15 17 1 153 
4 -5 15 11 1 4164 
-2 -4 15 28 12 1538 2172 2173 2276 2283 4421 4564 5102 5103 5115 5205 5207 
2 -4 15 28 12 72 710 711 809 814 2949 3093 3638 3639 3643 3741 3743 
0 -3 15 52 4 2948 4296 4420 5760 
-2 -2 15 47 1 1406 
2 -2 15 46 1 2876 
0 -1 15 70 6 1327 1392 1399 2785 2852 2858 
-4 -13 16 41 39 1896 1898 1900 1901 1903 1905 1906 1907 1909 1922 1937 1939 1952 1953 1955 1958 1959 1968 4824 4828 4829 4830 4831 4832 4833 4834 4837 4844 4845 4849 4864 4865 4867 4880 4881 4883 4884 4885 4886 
4 -13 16 39 33 440 441 443 445 446 447 456 473 475 484 485 489 490 491 3368 3369 3371 3372 3373 3374 3375 3384 3388 3389 3400 3401 3403 3412 3413 3415 3416 3417 3419 
-4 -12 16 31 11 1917 1918 1919 1936 1943 1957 4847 4870 4882 4897 4898 
4 -12 16 33 13 435 460 461 463 469 474 487 3361 3391 3399 3418 3432 3435 
-5 -11 16 12 3 1913 4842 4878 
-4 -11 16 22 14 1912 1942 1946 1947 1949 1962 1963 1964 4843 4869 4874 4890 4891 4895 
4 -11 16 22 14 450 468 480 481 495 496 497 510 3379 3397 3410 3426 3427 3439 
5 -11 16 12 3 451 3378 3423 
-5 -10 16 12 7 1915 1941 1950 1965 4841 4868 4877 
-4 -10 16 11 1 1951 
-2 -10 16 11 1 1940 
2 -10 16 11 1 470 
4 -10 16 11 1 493 
5 -10 16 12 7 449 471 492 511 3377 3396 3421 
-5 -9 16 9 1 1967 
-4 -9 16 8 1 4872 
-2 -9 16 10 1 1914 
2 -9 16 10 1 448 
4 -9 16 8 1 3408 
5 -9 16 9 1 509 
-4 -8 16 14 10 1528 1529 1534 1535 2176 2182 2183 4457 4537 5104 
0 -8 16 19 14 144 145 150 151 1610 1611 1620 1621 3074 3075 3376 4538 4539 4840 
4 -8 16 14 10 66 67 76 77 716 717 722 2993 3072 3649 
-4 -7 16 11 1 5109 
-3 -7 16 13 5 1531 4460 4461 4551 5204 
3 -7 16 13 5 64 3004 3005 3079 3740 
4 -7 16 11 1 3645 
-4 -6 16 15 10 1488 1489 1540 4458 4462 4463 4466 5105 5107 5110 
-3 -6 16 13 3 1533 2179 5106 
0 -6 16 16 2 3076 4548 
3 -6 16 13 3 78 721 3650 
4 -6 16 15 10 26 27 70 2994 3002 3006 3007 3646 3648 3651 
-3 -5 16 13 2 2178 2277 
3 -5 16 13 2 720 815 
-3 -2 16 18 1 5625 
-1 -2 16 42 1 4333 
1 -2 16 43 1 5805 
3 -2 16 18 1 4153 
-4 -13 17 39 25 1899 1904 1908 1910 1911 1916 1932 1933 1938 1969 1974 1975 4825 4826 4827 4835 4836 4838 4839 4860 4861 4863 4896 4900 4901 
4 -13 17 39 30 432 433 434 436 437 438 439 442 462 472 478 479 500 501 506 507 3360 3362 3363 3364 3365 3366 3367 3370 3404 3405 3406 3428 3429 3433 
-5 -12 17 25 2 1920 1970 
-4 -12 17 39 23 1897 1902 1921 1923 1934 1935 1948 1954 1956 1971 1972 1973 4846 4848 4850 4851 4862 4866 4879 4887 4899 4902 4903 
4 -12 17 38 22 444 457 459 476 477 486 488 494 502 503 505 3385 3386 3387 3390 3402 3407 3414 3422 3430 3431 3434 
5 -12 17 26 2 458 504 
-5 -11 17 12 1 4894 
-4 -11 17 21 8 1926 1928 1929 4854 4858 4859 4871 4875 
4 -11 17 21 8 452 466 467 3382 3394 3395 3398 3411 
5 -11 17 12 1 3438 
-5 -10 17 11 5 1924 1927 4852 4855 4892 
-4 -10 17 11 1 4857 
-1 -10 17 11 1 1931 
1 -10 17 11 1 464 
4 -10 17 11 1 3393 
5 -10 17 11 5 453 455 3380 3383 3436 
-4 -9 17 12 12 1925 1930 1944 1945 1960 1961 1966 4853 4856 4873 4876 4889 
-1 -9 17 9 1 2177 
1 -9 17 9 1 723 
4 -9 17 12 12 454 465 482 483 498 499 508 3381 3392 3409 3420 3425 
-2 -2 17 15 2 1494 1495 
2 -2 17 15 2 20 21 
0 -3 18 40 10 1416 1417 1418 1422 1423 2880 2882 2883 2892 2893 
-1 -1 18 28 1 5713 
1 -1 18 28 1 4253 
-1 -1 19 34 12 2866 2867 2877 2878 5792 5793 5794 5804 5806 5808 5809 5836 
0 -1 19 32 2 1369 2834 
1 -1 19 34 12 1400 1401 1404 1407 4328 4329 4330 4332 4334 4344 4345 4364 
0 -2 20 54 38 1419 1424 1425 1426 1427 1428 1429 1430 1431 1455 2881 2884 2885 2886 2887 2888 2889 2890 2891 2925 4324 4346 4350 4352 4353 4354 4355 4358 4359 5780 5810 5814 5815 5816 5817 5818 5819 5823 
-1 -1 20 32 6 2864 2865 2879 5795 5799 5807 
0 -1 20 58 24 1408 1410 1411 1415 2869 2872 2873 2874 4325 4336 4338 4339 4348 4349 4356 4361 5781 5800 5802 5803 5813 5820 5821 5825 
1 -1 20 32 6 1402 1403 1405 4331 4335 4343 
-1 -2 21 36 14 2853 2898 2899 2900 2906 2907 2908 2909 5826 5827 5830 5831 5834 5835 
0 -2 21 52 14 1434 1435 1444 1445 1446 2896 2897 2901 2902 2903 4372 4373 5828 5829 
1 -2 21 36 14 1398 1432 1433 1438 1439 1440 1441 1447 4362 4363 4370 4371 4374 4375 
-2 -1 21 23 2 2911 5837 
-1 -1 21 40 13 2868 2870 2871 2904 2905 2910 5796 5798 5811 5832 5833 5838 5839 
0 -1 21 70 68 1409 1420 1421 1448 1449 1450 1451 1452 1453 1454 1456 1458 1459 1460 1461 1462 1463 2875 2894 2895 2912 2913 2914 2915 2916 2917 2918 2919 2920 2921 2922 2924 2926 2927 4337 4341 4351 4357 4360 4376 4377 4378 4379 4382 4383 4386 4387 4388 4389 4390 4391 5797 5801 5812 5822 5824 5840 5841 5842 5843 5844 5845 5846 5847 5850 5851 5854 5855 
1 -1 21 40 13 1412 1413 1414 1436 1442 1443 4340 4342 4347 4366 4367 4368 4369 
2 -1 21 23 2 1437 4365 
0 0 21 32 2 4297 5761 
0 -1 22 30 6 1457 2923 4384 4385 5848 5849 
